0.00 10 0 0 0 0 0 0 0 0 
0.0040817379436462550 10 0 0 0 0 0 0 0 0 
0.04699841628270650 10 0 0 0 0 0 0 0 0 
0.0492086645252622360 10 0 0 0 0 0 0 0 0 
0.054230360278792150 10 0 0 0 0 0 0 0 0 
0.061514423913310020 10 0 0 0 0 0 0 0 0 
0.066462021227571040 10 0 0 0 0 0 0 0 0 
0.101148135789032160 10 0 0 0 0 0 0 0 0 
0.150486243851180120 10 0 0 0 0 0 0 0 0 
0.181800943729699270 10 0 0 0 0 0 0 0 0 
0.186093636752977380 10 0 0 0 0 0 0 0 0 
0.218753017444650030 10 0 0 0 0 0 0 0 0 
0.247459699931112940 10 0 0 0 0 0 0 0 0 
0.276067276021721760 10 0 0 0 0 0 0 0 0 
0.2794536126104060 10 0 0 0 0 0 0 0 0 
0.28187769831880 10 0 0 0 0 0 0 0 0 
0.33266517174577540 10 0 0 0 0 0 0 0 0 
0.341165908758979840 10 0 0 0 0 0 0 0 0 
0.34553881888603230 10 0 0 0 0 0 0 0 0 
0.34888583343697730 10 0 0 0 0 0 0 0 0 
0.371959057182818240 10 0 0 0 0 0 0 0 0 
0.38376232465379270 10 0 0 0 0 0 0 0 0 
0.38379061151388520 10 0 0 0 0 0 0 0 0 
0.392684495351820150 10 0 0 0 0 0 0 0 0 
0.41223136771544050 10 0 0 0 0 0 0 0 0 
0.4219376016411250 10 0 0 0 0 0 0 0 0 
0.42786777427733230 10 0 0 0 0 0 0 0 0 
0.43007383458856320 10 0 0 0 0 0 0 0 0 
0.435517026097333450 10 0 0 0 0 0 0 0 0 
0.44554238695035630 10 0 0 0 0 0 0 0 0 
0.45030547685303540 10 0 0 0 0 0 0 0 0 
0.497811943562858850 10 0 0 0 0 0 0 0 0 
0.52052026710400220 10 0 0 0 0 0 0 0 0 
0.52614475120686120 10 0 0 0 0 0 0 0 0 
0.53373656744359290 10 0 0 0 0 0 0 0 0 
0.55083047771907940 10 0 0 0 0 0 0 0 0 
0.57531330724082330 10 0 0 0 0 0 0 0 0 
0.58414371846913090 10 0 0 0 0 0 0 0 0 
0.604161672343260 10 0 0 0 0 0 0 0 0 
0.64127169249171370 10 0 0 0 0 0 0 0 0 
0.64652875865240370 10 0 0 0 0 0 0 0 0 
0.65449943490945380 10 0 0 0 0 0 0 0 0 
0.70091818518283270 10 0 0 0 0 0 0 0 0 
0.70680198146377520 10 0 0 0 0 0 0 0 0 
0.81387493075923090 10 0 0 0 0 0 0 0 0 
0.82755726513588810 10 0 0 0 0 0 0 0 0 
0.83027002254509140 10 0 0 0 0 0 0 0 0 
0.85729056940806880 10 0 0 0 0 0 0 0 0 
0.86908221969973790 10 0 0 0 0 0 0 0 0 
0.87243658923349520 10 0 0 0 0 0 0 0 0 
0.88537600979406720 10 0 0 0 0 0 0 0 0 
0.89168158451707210 10 0 0 0 0 0 0 0 0 
0.91471355041958310 10 0 0 0 0 0 0 0 0 
0.924163525046890 10 0 0 0 0 0 0 0 0 
0.93241136612829880 10 0 0 0 0 0 0 0 0 
0.93475466955788980 10 0 0 0 0 0 0 0 0 
0.94148986112482370 10 0 0 0 0 0 0 0 0 
0.94225774528619040 10 0 0 0 0 0 0 0 0 
0.94370441213178640 10 0 0 0 0 0 0 0 0 
0.95528944669516480 10 0 0 0 0 0 0 0 0 
0.95942078098504280 10 0 0 0 0 0 0 0 0 
0.9752435417767340 10 0 0 0 0 0 0 0 0 
1.00717818079999870 10 0 0 0 0 0 0 0 0 
1.01649251878929550 10 0 0 0 0 0 0 0 0 
1.02466354344357540 10 0 0 0 0 0 0 0 0 
1.03939898963527440 10 0 0 0 0 0 0 0 0 
1.05821336866135880 10 0 0 0 0 0 0 0 0 
1.07120182768107840 10 0 0 0 0 0 0 0 0 
1.09330617476146470 10 0 0 0 0 0 0 0 0 
1.11165767323857810 10 0 0 0 0 0 0 0 0 
1.12168975721040480 10 0 0 0 0 0 0 0 0 
1.13814237222167040 10 0 0 0 0 0 0 0 0 
1.14305757109531920 10 0 0 0 0 0 0 0 0 
1.14415082525810030 10 0 0 0 0 0 0 0 0 
1.15175292182465870 10 0 0 0 0 0 0 0 0 
1.1547993359343590 10 0 0 0 0 0 0 0 0 
1.15993948315784450 10 0 0 0 0 0 0 0 0 
1.1892120048908910 10 0 0 0 0 0 0 0 0 
1.19105837859563430 10 0 0 0 0 0 0 0 0 
1.2454318939870520 10 0 0 0 0 0 0 0 0 
1.24912770400516650 10 0 0 0 0 0 0 0 0 
1.25356009847561230 10 0 0 0 0 0 0 0 0 
1.2597425164261810 10 0 0 0 0 0 0 0 0 
1.27937204182429690 10 0 0 0 0 0 0 0 0 
1.2844070190777250 10 0 0 0 0 0 0 0 0 
1.32547885523919470 10 0 0 0 0 0 0 0 0 
1.334916347308190 10 0 0 0 0 0 0 0 0 
1.439960968558690 10 0 0 0 0 0 0 0 0 
1.49251991196612030 10 0 0 0 0 0 0 0 0 
1.49669560604861850 10 0 0 0 0 0 0 0 0 
1.53278247291825440 10 0 0 0 0 0 0 0 0 
1.54188856893055860 10 0 0 0 0 0 0 0 0 
1.54747305735547620 10 0 0 0 0 0 0 0 0 
1.54776030337958660 10 0 0 0 0 0 0 0 0 
1.55045341303797680 10 0 0 0 0 0 0 0 0 
1.55626481329256650 10 0 0 0 0 0 0 0 0 
1.5580513503937510 10 0 0 0 0 0 0 0 0 
1.59295623736766270 10 0 0 0 0 0 0 0 0 
1.59734938095103480 10 0 0 0 0 0 0 0 0 
1.60668945533727880 10 0 0 0 0 0 0 0 0 
1.66206439089278320 10 0 0 0 0 0 0 0 0 
1.67069209381379880 10 0 0 0 0 0 0 0 0 
1.68743580318712220 10 0 0 0 0 0 0 0 0 
1.69066513003727010 10 0 0 0 0 0 0 0 0 
1.70058017398718420 10 0 0 0 0 0 0 0 0 
1.70285074217752870 10 0 0 0 0 0 0 0 0 
1.72440178731953760 10 0 0 0 0 0 0 0 0 
1.72838518931626320 10 0 0 0 0 0 0 0 0 
1.75103707481178920 10 0 0 0 0 0 0 0 0 
1.75465242743924920 10 0 0 0 0 0 0 0 0 
1.7580216364500270 10 0 0 0 0 0 0 0 0 
1.76045923266965640 10 0 0 0 0 0 0 0 0 
1.760997978665130 10 0 0 0 0 0 0 0 0 
1.79065768566534510 10 0 0 0 0 0 0 0 0 
1.82730594906844470 10 0 0 0 0 0 0 0 0 
1.84798268730860980 10 0 0 0 0 0 0 0 0 
1.89764324209393420 10 0 0 0 0 0 0 0 0 
1.90286639834410230 10 0 0 0 0 0 0 0 0 
1.9128415263475760 10 0 0 0 0 0 0 0 0 
1.92010661663079940 10 0 0 0 0 0 0 0 0 
1.92252439548888270 10 0 0 0 0 0 0 0 0 
1.93880830425442260 10 0 0 0 0 0 0 0 0 
1.94322535487692140 10 0 0 0 0 0 0 0 0 
1.94691044944837620 10 0 0 0 0 0 0 0 0 
1.96509531820014540 10 0 0 0 0 0 0 0 0 
2.0078115044728070 10 0 0 0 0 0 0 0 0 
2.02179369501327240 10 0 0 0 0 0 0 0 0 
2.05177350479665540 10 0 0 0 0 0 0 0 0 
2.08705140637198830 10 0 0 0 0 0 0 0 0 
2.0920466009964340 10 0 0 0 0 0 0 0 0 
2.10469565059342620 10 0 0 0 0 0 0 0 0 
2.117987209023060 10 0 0 0 0 0 0 0 0 
2.15746112745629450 10 0 0 0 0 0 0 0 0 
2.1822867018032050 10 0 0 0 0 0 0 0 0 
2.1922888716174760 10 0 0 0 0 0 0 0 0 
2.2110478129733390 10 0 0 0 0 0 0 0 0 
2.24550088142475750 10 0 0 0 0 0 0 0 0 
2.29580981072816440 10 0 0 0 0 0 0 0 0 
2.29640987838145660 10 0 0 0 0 0 0 0 0 
2.30419007215717950 10 0 0 0 0 0 0 0 0 
2.3203421240166160 10 0 0 0 0 0 0 0 0 
2.3292038385109460 10 0 0 0 0 0 0 0 0 
2.3551638556612080 10 0 0 0 0 0 0 0 0 
2.40340316104990450 10 0 0 0 0 0 0 0 0 
2.4124263557521590 10 0 0 0 0 0 0 0 0 
2.4163082253199930 10 0 0 0 0 0 0 0 0 
2.41825091509996830 10 0 0 0 0 0 0 0 0 
2.4304131894087420 10 0 0 0 0 0 0 0 0 
2.49286951534819720 10 0 0 0 0 0 0 0 0 
2.49861431422696120 10 0 0 0 0 0 0 0 0 
2.5026751881940930 10 0 0 0 0 0 0 0 0 
2.52201821506495570 10 0 0 0 0 0 0 0 0 
2.5467605151273350 10 0 0 0 0 0 0 0 0 
2.5648380883400730 10 0 0 0 0 0 0 0 0 
2.59312125155740070 10 0 0 0 0 0 0 0 0 
2.60312624662910650 10 0 0 0 0 0 0 0 0 
2.61388365480361130 10 0 0 0 0 0 0 0 0 
2.62172449044574040 10 0 0 0 0 0 0 0 0 
2.62478197599883640 10 0 0 0 0 0 0 0 0 
2.6380192239740250 10 0 0 0 0 0 0 0 0 
2.70503505069645870 10 0 0 0 0 0 0 0 0 
2.71353511552676750 10 0 0 0 0 0 0 0 0 
2.75590448616606840 10 0 0 0 0 0 0 0 0 
2.75600569318494330 10 0 0 0 0 0 0 0 0 
2.7636407727724970 10 0 0 0 0 0 0 0 0 
2.7640285065425930 10 0 0 0 0 0 0 0 0 
2.80623146203195170 10 0 0 0 0 0 0 0 0 
2.81857783888739450 10 0 0 0 0 0 0 0 0 
2.84180497407290880 10 0 0 0 0 0 0 0 0 
2.84733280650331060 10 0 0 0 0 0 0 0 0 
2.87768834259700860 10 0 0 0 0 0 0 0 0 
2.8776928468218420 10 0 0 0 0 0 0 0 0 
2.91220138842601450 10 0 0 0 0 0 0 0 0 
2.9285181756705850 10 0 0 0 0 0 0 0 0 
2.93486606009726450 10 0 0 0 0 0 0 0 0 
2.94134585342690040 10 0 0 0 0 0 0 0 0 
2.9791814511349730 10 0 0 0 0 0 0 0 0 
3.0035258840876740 10 0 0 0 0 0 0 0 0 
3.00366754177606770 10 0 0 0 0 0 0 0 0 
3.00797971904059660 10 0 0 0 0 0 0 0 0 
3.0292747307014570 10 0 0 0 0 0 0 0 0 
3.0401451793570180 10 0 0 0 0 0 0 0 0 
3.05860791737190760 10 0 0 0 0 0 0 0 0 
3.0911902016884130 10 0 0 0 0 0 0 0 0 
3.12139350826098070 10 0 0 0 0 0 0 0 0 
3.1429350174761350 10 0 0 0 0 0 0 0 0 
3.1468827644407780 10 0 0 0 0 0 0 0 0 
3.15332089049924270 10 0 0 0 0 0 0 0 0 
3.1643193959747070 10 0 0 0 0 0 0 0 0 
3.173505569277430 10 0 0 0 0 0 0 0 0 
3.18081559733371580 10 0 0 0 0 0 0 0 0 
3.1882388217389840 10 0 0 0 0 0 0 0 0 
3.2060321310981780 10 0 0 0 0 0 0 0 0 
3.22892699098179750 10 0 0 0 0 0 0 0 0 
3.2350357983400470 10 0 0 0 0 0 0 0 0 
3.29930788200451850 10 0 0 0 0 0 0 0 0 
3.3036459209197930 10 0 0 0 0 0 0 0 0 
3.32389182779240460 10 0 0 0 0 0 0 0 0 
3.3385419678656520 10 0 0 0 0 0 0 0 0 
3.35367032578404170 10 0 0 0 0 0 0 0 0 
3.35782509736834630 10 0 0 0 0 0 0 0 0 
3.36794582113961430 10 0 0 0 0 0 0 0 0 
3.40977726744613550 10 0 0 0 0 0 0 0 0 
3.41113340253920770 10 0 0 0 0 0 0 0 0 
3.4809827914214640 10 0 0 0 0 0 0 0 0 
3.49583391218540740 10 0 0 0 0 0 0 0 0 
3.5292096609032220 10 0 0 0 0 0 0 0 0 
3.55147995153113440 10 0 0 0 0 0 0 0 0 
3.58337022583599870 10 0 0 0 0 0 0 0 0 
3.58951121593297540 10 0 0 0 0 0 0 0 0 
3.6025223491963180 10 0 0 0 0 0 0 0 0 
3.60506867983925170 10 0 0 0 0 0 0 0 0 
3.6165636528018110 10 0 0 0 0 0 0 0 0 
3.6212962728636820 10 0 0 0 0 0 0 0 0 
3.6381926773104720 10 0 0 0 0 0 0 0 0 
3.64455804721437950 10 0 0 0 0 0 0 0 0 
3.64567169145341370 10 0 0 0 0 0 0 0 0 
3.65414859046434430 10 0 0 0 0 0 0 0 0 
3.6690283981918520 10 0 0 0 0 0 0 0 0 
3.6884011899875360 10 0 0 0 0 0 0 0 0 
3.71661932478699960 10 0 0 0 0 0 0 0 0 
3.72358020847128660 10 0 0 0 0 0 0 0 0 
3.73897990537706540 10 0 0 0 0 0 0 0 0 
3.76915058635240060 10 0 0 0 0 0 0 0 0 
3.801211366844630 10 0 0 0 0 0 0 0 0 
3.82433110223839060 10 0 0 0 0 0 0 0 0 
3.85918494801862180 10 0 0 0 0 0 0 0 0 
3.9072496108445970 10 0 0 0 0 0 0 0 0 
3.91031432209651350 10 0 0 0 0 0 0 0 0 
3.94822341420843030 10 0 0 0 0 0 0 0 0 
3.9526530704187840 10 0 0 0 0 0 0 0 0 
3.9632584701457030 10 0 0 0 0 0 0 0 0 
3.96414438407005680 10 0 0 0 0 0 0 0 0 
3.9798247218340520 10 0 0 0 0 0 0 0 0 
3.98020418477652660 10 0 0 0 0 0 0 0 0 
3.9898947926476870 10 0 0 0 0 0 0 0 0 
4.0078736982567590 10 0 0 0 0 0 0 0 0 
4.0463770420929020 10 0 0 0 0 0 0 0 0 
4.0999210978505220 10 0 0 0 0 0 0 0 0 
4.1087541393305360 10 0 0 0 0 0 0 0 0 
4.1132039996450640 10 0 0 0 0 0 0 0 0 
4.1176773586331080 10 0 0 0 0 0 0 0 0 
4.1238233284160440 10 0 0 0 0 0 0 0 0 
4.17978692199240150 10 0 0 0 0 0 0 0 0 
4.1851669804273890 10 0 0 0 0 0 0 0 0 
4.1878549677766650 10 0 0 0 0 0 0 0 0 
4.2011784523309290 10 0 0 0 0 0 0 0 0 
4.2076127098332630 10 0 0 0 0 0 0 0 0 
4.2271822562360670 10 0 0 0 0 0 0 0 0 
4.2462528015082050 10 0 0 0 0 0 0 0 0 
4.2562483406381040 10 0 0 0 0 0 0 0 0 
4.2645801582803990 10 0 0 0 0 0 0 0 0 
4.283973423282020 10 0 0 0 0 0 0 0 0 
4.3149170521682410 10 0 0 0 0 0 0 0 0 
4.3180140056804580 10 0 0 0 0 0 0 0 0 
4.3267799299990260 10 0 0 0 0 0 0 0 0 
4.3771003710623350 10 0 0 0 0 0 0 0 0 
4.3784654006008270 10 0 0 0 0 0 0 0 0 
4.4068606936056920 10 0 0 0 0 0 0 0 0 
4.4440261775035960 10 0 0 0 0 0 0 0 0 
4.4518377974769590 10 0 0 0 0 0 0 0 0 
4.4613176841030170 10 0 0 0 0 0 0 0 0 
4.477457833229110 10 0 0 0 0 0 0 0 0 
4.49440280649484250 10 0 0 0 0 0 0 0 0 
4.5021169287566750 10 0 0 0 0 0 0 0 0 
4.542287053003070 10 0 0 0 0 0 0 0 0 
4.5565375497730930 10 0 0 0 0 0 0 0 0 
4.63722125430693750 10 0 0 0 0 0 0 0 0 
4.6504896620924050 10 0 0 0 0 0 0 0 0 
4.6542276000378290 10 0 0 0 0 0 0 0 0 
4.6594956271236560 10 0 0 0 0 0 0 0 0 
4.6723657213579780 10 0 0 0 0 0 0 0 0 
4.677716746845120 10 0 0 0 0 0 0 0 0 
4.7033609679029470 10 0 0 0 0 0 0 0 0 
4.7085008207719490 10 0 0 0 0 0 0 0 0 
4.7089834372165170 10 0 0 0 0 0 0 0 0 
4.7173797173975690 10 0 0 0 0 0 0 0 0 
4.7190224673344240 10 0 0 0 0 0 0 0 0 
4.722036100546040 10 0 0 0 0 0 0 0 0 
4.724738360445270 10 0 0 0 0 0 0 0 0 
4.7276869273535150 10 0 0 0 0 0 0 0 0 
4.7315629853103810 10 0 0 0 0 0 0 0 0 
4.7381652104828380 10 0 0 0 0 0 0 0 0 
4.7484079248753010 10 0 0 0 0 0 0 0 0 
4.7504209374031350 10 0 0 0 0 0 0 0 0 
4.75654354194898050 10 0 0 0 0 0 0 0 0 
4.7847934449031750 10 0 0 0 0 0 0 0 0 
4.7995868162409720 10 0 0 0 0 0 0 0 0 
4.810049175640770 10 0 0 0 0 0 0 0 0 
4.8405342158741630 10 0 0 0 0 0 0 0 0 
4.84118035897647750 10 0 0 0 0 0 0 0 0 
4.8544171693254910 10 0 0 0 0 0 0 0 0 
4.8596723680637080 10 0 0 0 0 0 0 0 0 
4.8615745855583030 10 0 0 0 0 0 0 0 0 
4.8649461196918240 10 0 0 0 0 0 0 0 0 
4.8865766069331670 10 0 0 0 0 0 0 0 0 
4.894393868696120 10 0 0 0 0 0 0 0 0 
4.9184651147637320 10 0 0 0 0 0 0 0 0 
4.9269492167710420 10 0 0 0 0 0 0 0 0 
4.9697488615334380 10 0 0 0 0 0 0 0 0 
5.02490705968860 10 0 0 0 0 0 0 0 0 
5.0335415483965360 10 0 0 0 0 0 0 0 0 
5.0402665048463190 10 0 0 0 0 0 0 0 0 
5.0518394649530370 10 0 0 0 0 0 0 0 0 
5.0557144880289650 10 0 0 0 0 0 0 0 0 
5.0603235427621480 10 0 0 0 0 0 0 0 0 
5.0702343989215030 10 0 0 0 0 0 0 0 0 
5.0819376311812380 10 0 0 0 0 0 0 0 0 
5.08767454899150 10 0 0 0 0 0 0 0 0 
5.1016095498152620 10 0 0 0 0 0 0 0 0 
5.1071089319183460 10 0 0 0 0 0 0 0 0 
5.1138716078460570 10 0 0 0 0 0 0 0 0 
5.1462234038748010 10 0 0 0 0 0 0 0 0 
5.156572418067450 10 0 0 0 0 0 0 0 0 
5.1684916894574570 10 0 0 0 0 0 0 0 0 
5.1744839901899080 10 0 0 0 0 0 0 0 0 
5.1911348423102930 10 0 0 0 0 0 0 0 0 
5.26582520010393650 10 0 0 0 0 0 0 0 0 
5.2783361038540020 10 0 0 0 0 0 0 0 0 
5.2817503273710410 10 0 0 0 0 0 0 0 0 
5.3068843572535820 10 0 0 0 0 0 0 0 0 
5.333474121345960 10 0 0 0 0 0 0 0 0 
5.3688920557976740 10 0 0 0 0 0 0 0 0 
5.3836315152208140 10 0 0 0 0 0 0 0 0 
5.3879977328079230 10 0 0 0 0 0 0 0 0 
5.4261441720027170 10 0 0 0 0 0 0 0 0 
5.4500506309628290 10 0 0 0 0 0 0 0 0 
5.4712175658253970 10 0 0 0 0 0 0 0 0 
5.4721056466385270 10 0 0 0 0 0 0 0 0 
5.4727961741043120 10 0 0 0 0 0 0 0 0 
5.482335123642930 10 0 0 0 0 0 0 0 0 
5.5273570453017010 10 0 0 0 0 0 0 0 0 
5.5424703612678330 10 0 0 0 0 0 0 0 0 
5.5834259689172610 10 0 0 0 0 0 0 0 0 
5.5884003432054940 10 0 0 0 0 0 0 0 0 
5.59000725256073050 10 0 0 0 0 0 0 0 0 
5.6631433991072730 10 0 0 0 0 0 0 0 0 
5.6659376377647930 10 0 0 0 0 0 0 0 0 
5.6854192903556590 10 0 0 0 0 0 0 0 0 
5.7018688751604180 10 0 0 0 0 0 0 0 0 
5.7057156755020290 10 0 0 0 0 0 0 0 0 
5.736862898586990 10 0 0 0 0 0 0 0 0 
5.74706627677158450 10 0 0 0 0 0 0 0 0 
5.7802567293294210 10 0 0 0 0 0 0 0 0 
5.80727581119933150 10 0 0 0 0 0 0 0 0 
5.80734137750421550 10 0 0 0 0 0 0 0 0 
5.8319244708919410 10 0 0 0 0 0 0 0 0 
5.8839159883569750 10 0 0 0 0 0 0 0 0 
5.8842379949249570 10 0 0 0 0 0 0 0 0 
5.88886620165478550 10 0 0 0 0 0 0 0 0 
5.893221208052870 10 0 0 0 0 0 0 0 0 
5.9057669857713780 10 0 0 0 0 0 0 0 0 
5.9371800896166990 10 0 0 0 0 0 0 0 0 
5.9521325140776130 10 0 0 0 0 0 0 0 0 
5.9832958539838160 10 0 0 0 0 0 0 0 0 
6.0156345153412150 10 0 0 0 0 0 0 0 0 
6.0215283814813770 10 0 0 0 0 0 0 0 0 
6.0250105356586880 10 0 0 0 0 0 0 0 0 
6.0313645670584050 10 0 0 0 0 0 0 0 0 
6.0344841521418530 10 0 0 0 0 0 0 0 0 
6.0730575125250880 10 0 0 0 0 0 0 0 0 
6.0787555227016640 10 0 0 0 0 0 0 0 0 
6.0890832403965550 10 0 0 0 0 0 0 0 0 
6.0988872731564060 10 0 0 0 0 0 0 0 0 
6.1034435143202150 10 0 0 0 0 0 0 0 0 
6.1342148053369280 10 0 0 0 0 0 0 0 0 
6.1446401307572850 10 0 0 0 0 0 0 0 0 
6.16661572314060 10 0 0 0 0 0 0 0 0 
6.166769012684610 10 0 0 0 0 0 0 0 0 
6.1804153761852550 10 0 0 0 0 0 0 0 0 
6.187248441493220 10 0 0 0 0 0 0 0 0 
6.2276352549793110 10 0 0 0 0 0 0 0 0 
6.2684223108600160 10 0 0 0 0 0 0 0 0 
6.2726128092920580 10 0 0 0 0 0 0 0 0 
6.2948559938862820 10 0 0 0 0 0 0 0 0 
6.3037576161172890 10 0 0 0 0 0 0 0 0 
6.3121972889893490 10 0 0 0 0 0 0 0 0 
6.3311246865843270 10 0 0 0 0 0 0 0 0 
6.3323720281350710 10 0 0 0 0 0 0 0 0 
6.3380626089869150 10 0 0 0 0 0 0 0 0 
6.3382685953634110 10 0 0 0 0 0 0 0 0 
6.3607875940755320 10 0 0 0 0 0 0 0 0 
6.3726179097738370 10 0 0 0 0 0 0 0 0 
6.391923131878280 10 0 0 0 0 0 0 0 0 
6.4369826264480120 10 0 0 0 0 0 0 0 0 
6.4905687886843890 10 0 0 0 0 0 0 0 0 
6.4967284937604790 10 0 0 0 0 0 0 0 0 
6.5116939990614280 10 0 0 0 0 0 0 0 0 
6.5508972802620570 10 0 0 0 0 0 0 0 0 
6.6180273950309150 10 0 0 0 0 0 0 0 0 
6.6355035337250910 10 0 0 0 0 0 0 0 0 
6.64484270643080150 10 0 0 0 0 0 0 0 0 
6.6622865215087630 10 0 0 0 0 0 0 0 0 
6.7160341664423750 10 0 0 0 0 0 0 0 0 
6.7435690540595440 10 0 0 0 0 0 0 0 0 
6.77280093371876650 10 0 0 0 0 0 0 0 0 
6.7844503205771790 10 0 0 0 0 0 0 0 0 
6.7887156468682230 10 0 0 0 0 0 0 0 0 
6.79690933895320450 10 0 0 0 0 0 0 0 0 
6.8164015875776020 10 0 0 0 0 0 0 0 0 
6.8454023566621930 10 0 0 0 0 0 0 0 0 
6.8490198508907380 10 0 0 0 0 0 0 0 0 
6.908335790641670 10 0 0 0 0 0 0 0 0 
6.9160390220910240 10 0 0 0 0 0 0 0 0 
6.9255350934148790 10 0 0 0 0 0 0 0 0 
6.9296547786180470 10 0 0 0 0 0 0 0 0 
6.9370360232920060 10 0 0 0 0 0 0 0 0 
6.9507176404690490 10 0 0 0 0 0 0 0 0 
6.9529783092418490 10 0 0 0 0 0 0 0 0 
6.9838426178174860 10 0 0 0 0 0 0 0 0 
6.9895879624979880 10 0 0 0 0 0 0 0 0 
6.993827806816550 10 0 0 0 0 0 0 0 0 
6.9942550653612180 10 0 0 0 0 0 0 0 0 
7.0139240775704370 10 0 0 0 0 0 0 0 0 
7.0205386044186560 10 0 0 0 0 0 0 0 0 
7.03947365299318050 10 0 0 0 0 0 0 0 0 
7.0456398470807430 10 0 0 0 0 0 0 0 0 
7.0950596739920630 10 0 0 0 0 0 0 0 0 
7.0996073613685720 10 0 0 0 0 0 0 0 0 
7.1166661709174030 10 0 0 0 0 0 0 0 0 
7.1315650220495220 10 0 0 0 0 0 0 0 0 
7.1337867987422890 10 0 0 0 0 0 0 0 0 
7.1358920633102330 10 0 0 0 0 0 0 0 0 
7.1677628466599780 10 0 0 0 0 0 0 0 0 
7.2255754967246340 10 0 0 0 0 0 0 0 0 
7.2416980817339460 10 0 0 0 0 0 0 0 0 
7.2430838761895930 10 0 0 0 0 0 0 0 0 
7.2588064917783030 10 0 0 0 0 0 0 0 0 
7.2715601857903360 10 0 0 0 0 0 0 0 0 
7.2763235728869270 10 0 0 0 0 0 0 0 0 
7.2800787694050290 10 0 0 0 0 0 0 0 0 
7.2859170096242140 10 0 0 0 0 0 0 0 0 
7.3190181904313950 10 0 0 0 0 0 0 0 0 
7.3405259866548530 10 0 0 0 0 0 0 0 0 
7.3428484600321090 10 0 0 0 0 0 0 0 0 
7.3649583137841910 10 0 0 0 0 0 0 0 0 
7.3885030385951620 10 0 0 0 0 0 0 0 0 
7.4160463335737770 10 0 0 0 0 0 0 0 0 
7.4269156735543340 10 0 0 0 0 0 0 0 0 
7.5272201367515060 10 0 0 0 0 0 0 0 0 
7.53276123116319150 10 0 0 0 0 0 0 0 0 
7.5472248185116220 10 0 0 0 0 0 0 0 0 
7.5942307404582480 10 0 0 0 0 0 0 0 0 
7.6465279618502090 10 0 0 0 0 0 0 0 0 
7.6803698563705450 10 0 0 0 0 0 0 0 0 
7.68141437066269450 10 0 0 0 0 0 0 0 0 
7.7045307771016190 10 0 0 0 0 0 0 0 0 
7.7248798081693020 10 0 0 0 0 0 0 0 0 
7.79996035653460050 10 0 0 0 0 0 0 0 0 
7.802449992924230 10 0 0 0 0 0 0 0 0 
7.8438495788277970 10 0 0 0 0 0 0 0 0 
7.8624592965943080 10 0 0 0 0 0 0 0 0 
7.8837882874140720 10 0 0 0 0 0 0 0 0 
7.8960621752553750 10 0 0 0 0 0 0 0 0 
7.9035206782786670 10 0 0 0 0 0 0 0 0 
7.9039961618702430 10 0 0 0 0 0 0 0 0 
7.9077330872513670 10 0 0 0 0 0 0 0 0 
7.9108940202560490 10 0 0 0 0 0 0 0 0 
7.9452681684205850 10 0 0 0 0 0 0 0 0 
7.9658408044159340 10 0 0 0 0 0 0 0 0 
7.9881682066036820 10 0 0 0 0 0 0 0 0 
7.9983809383007930 10 0 0 0 0 0 0 0 0 
8.0111690320971680 10 0 0 0 0 0 0 0 0 
8.0142192816151740 10 0 0 0 0 0 0 0 0 
8.0169049244625230 10 0 0 0 0 0 0 0 0 
8.0675434837317360 10 0 0 0 0 0 0 0 0 
8.0678630366578070 10 0 0 0 0 0 0 0 0 
8.0864673668551590 10 0 0 0 0 0 0 0 0 
8.099896266596920 10 0 0 0 0 0 0 0 0 
8.11656765186550 10 0 0 0 0 0 0 0 0 
8.1541625471293170 10 0 0 0 0 0 0 0 0 
8.1780173270778530 10 0 0 0 0 0 0 0 0 
8.1971458227626450 10 0 0 0 0 0 0 0 0 
8.2391666222685110 10 0 0 0 0 0 0 0 0 
8.2746280848287590 10 0 0 0 0 0 0 0 0 
8.2777568218231630 10 0 0 0 0 0 0 0 0 
8.288282880487550 10 0 0 0 0 0 0 0 0 
8.3136495069854950 10 0 0 0 0 0 0 0 0 
8.3313706010262990 10 0 0 0 0 0 0 0 0 
8.3386816282675920 10 0 0 0 0 0 0 0 0 
8.3483249312050830 10 0 0 0 0 0 0 0 0 
8.3813797426087150 10 0 0 0 0 0 0 0 0 
8.3991068420951120 10 0 0 0 0 0 0 0 0 
8.4077939976934850 10 0 0 0 0 0 0 0 0 
8.4116844184716620 10 0 0 0 0 0 0 0 0 
8.418976410901720 10 0 0 0 0 0 0 0 0 
8.4191176179096970 10 0 0 0 0 0 0 0 0 
8.5005226019722930 10 0 0 0 0 0 0 0 0 
8.5017216271935340 10 0 0 0 0 0 0 0 0 
8.503084850439840 10 0 0 0 0 0 0 0 0 
8.5144758078217940 10 0 0 0 0 0 0 0 0 
8.5312858937281460 10 0 0 0 0 0 0 0 0 
8.5425273948032070 10 0 0 0 0 0 0 0 0 
8.6125352509379860 10 0 0 0 0 0 0 0 0 
8.6161854073265220 10 0 0 0 0 0 0 0 0 
8.6253856480428870 10 0 0 0 0 0 0 0 0 
8.625754580023360 10 0 0 0 0 0 0 0 0 
8.6264503852550780 10 0 0 0 0 0 0 0 0 
8.630933842391120 10 0 0 0 0 0 0 0 0 
8.6310428767829170 10 0 0 0 0 0 0 0 0 
8.6697609080505610 10 0 0 0 0 0 0 0 0 
8.673891978687740 10 0 0 0 0 0 0 0 0 
8.6974177972049490 10 0 0 0 0 0 0 0 0 
8.707147221999510 10 0 0 0 0 0 0 0 0 
8.7153198859079790 10 0 0 0 0 0 0 0 0 
8.716283592124880 10 0 0 0 0 0 0 0 0 
8.7170602291087480 10 0 0 0 0 0 0 0 0 
8.722168560162130 10 0 0 0 0 0 0 0 0 
8.7367643172978280 10 0 0 0 0 0 0 0 0 
8.8064713106957570 10 0 0 0 0 0 0 0 0 
8.8165815799150360 10 0 0 0 0 0 0 0 0 
8.8463218846421390 10 0 0 0 0 0 0 0 0 
8.852297804188460 10 0 0 0 0 0 0 0 0 
8.8613940618131580 10 0 0 0 0 0 0 0 0 
8.8734826094320770 10 0 0 0 0 0 0 0 0 
8.9024294739179960 10 0 0 0 0 0 0 0 0 
8.9066558365886550 10 0 0 0 0 0 0 0 0 
8.9127056139470340 10 0 0 0 0 0 0 0 0 
8.921469263950490 10 0 0 0 0 0 0 0 0 
8.9313707520850070 10 0 0 0 0 0 0 0 0 
8.939953193901480 10 0 0 0 0 0 0 0 0 
8.9540729058532520 10 0 0 0 0 0 0 0 0 
8.9732622325512140 10 0 0 0 0 0 0 0 0 
8.9946166840679260 10 0 0 0 0 0 0 0 0 
9.0278003790821780 10 0 0 0 0 0 0 0 0 
9.0516840102414630 10 0 0 0 0 0 0 0 0 
9.0877902299626890 10 0 0 0 0 0 0 0 0 
9.1274816140771070 10 0 0 0 0 0 0 0 0 
9.1595891134696570 10 0 0 0 0 0 0 0 0 
9.1816858982241540 10 0 0 0 0 0 0 0 0 
9.1928297127966410 10 0 0 0 0 0 0 0 0 
9.2379902282295740 10 0 0 0 0 0 0 0 0 
9.2380463755092760 10 0 0 0 0 0 0 0 0 
9.2418901730321020 10 0 0 0 0 0 0 0 0 
9.2475143326699310 10 0 0 0 0 0 0 0 0 
9.2562923509252850 10 0 0 0 0 0 0 0 0 
9.2654265731966860 10 0 0 0 0 0 0 0 0 
9.2794187639635710 10 0 0 0 0 0 0 0 0 
9.2822429450122620 10 0 0 0 0 0 0 0 0 
9.2959076722210070 10 0 0 0 0 0 0 0 0 
9.3083728038745050 10 0 0 0 0 0 0 0 0 
9.3122994706826210 10 0 0 0 0 0 0 0 0 
9.3407083297344260 10 0 0 0 0 0 0 0 0 
9.343815177730490 10 0 0 0 0 0 0 0 0 
9.3457276909077630 10 0 0 0 0 0 0 0 0 
9.3517467025435610 10 0 0 0 0 0 0 0 0 
9.3522674559531340 10 0 0 0 0 0 0 0 0 
9.3605465769768960 10 0 0 0 0 0 0 0 0 
9.4038968612582430 10 0 0 0 0 0 0 0 0 
9.4281836170710140 10 0 0 0 0 0 0 0 0 
9.4351871939337980 10 0 0 0 0 0 0 0 0 
9.5031540846631230 10 0 0 0 0 0 0 0 0 
9.5347916839402750 10 0 0 0 0 0 0 0 0 
9.5699232087791510 10 0 0 0 0 0 0 0 0 
9.5764592844758540 10 0 0 0 0 0 0 0 0 
9.583406804889710 10 0 0 0 0 0 0 0 0 
9.5903269407510250 10 0 0 0 0 0 0 0 0 
9.6127802415493380 10 0 0 0 0 0 0 0 0 
9.6540459856135070 10 0 0 0 0 0 0 0 0 
9.6625293655963240 10 0 0 0 0 0 0 0 0 
9.6870540864255620 10 0 0 0 0 0 0 0 0 
9.7012597085862760 10 0 0 0 0 0 0 0 0 
9.7074231929132980 10 0 0 0 0 0 0 0 0 
9.7120567494499460 10 0 0 0 0 0 0 0 0 
9.7503442520529670 10 0 0 0 0 0 0 0 0 
9.763735900852950 10 0 0 0 0 0 0 0 0 
9.7753840987325380 10 0 0 0 0 0 0 0 0 
9.7758232092174140 10 0 0 0 0 0 0 0 0 
9.7870921417032180 10 0 0 0 0 0 0 0 0 
9.803942956044110 10 0 0 0 0 0 0 0 0 
9.8136423066667740 10 0 0 0 0 0 0 0 0 
9.8262112584395260 10 0 0 0 0 0 0 0 0 
9.8617639077691360 10 0 0 0 0 0 0 0 0 
9.8782071305882390 10 0 0 0 0 0 0 0 0 
9.8863050960117960 10 0 0 0 0 0 0 0 0 
9.8963522297609770 10 0 0 0 0 0 0 0 0 
9.896441545304730 10 0 0 0 0 0 0 0 0 
9.905144580473510 10 0 0 0 0 0 0 0 0 
9.946854848827050 10 0 0 0 0 0 0 0 0 
9.95225558318540 10 0 0 0 0 0 0 0 0 
9.955386376020140 10 0 0 0 0 0 0 0 0 
9.956646390944410 10 0 0 0 0 0 0 0 0 
9.9793592876588930 10 0 0 0 0 0 0 0 0 
9.985083284666990 10 0 0 0 0 0 0 0 0 
10.0005068545373720 10 0 0 0 0 0 0 0 0 
