0.00 10 0 0 0 0 0 0 0 0 
0.0096338060946922440 10 0 0 0 0 0 0 0 0 
0.012732526541417860 10 0 0 0 0 0 0 0 0 
0.0148351198793734340 10 0 0 0 0 0 0 0 0 
0.0275468498589522270 10 0 0 0 0 0 0 0 0 
0.0295406606215658850 10 0 0 0 0 0 0 0 0 
0.07489438153462910 10 0 0 0 0 0 0 0 0 
0.10531505752984560 10 0 0 0 0 0 0 0 0 
0.112884807050565790 10 0 0 0 0 0 0 0 0 
0.114937407397906340 10 0 0 0 0 0 0 0 0 
0.140345904739885420 10 0 0 0 0 0 0 0 0 
0.15311751972341950 10 0 0 0 0 0 0 0 0 
0.15669225313203780 10 0 0 0 0 0 0 0 0 
0.180684871846670 10 0 0 0 0 0 0 0 0 
0.226083079436769450 10 0 0 0 0 0 0 0 0 
0.259960566870016060 10 0 0 0 0 0 0 0 0 
0.280149399626638150 10 0 0 0 0 0 0 0 0 
0.285222987978193730 10 0 0 0 0 0 0 0 0 
0.29259079055638360 10 0 0 0 0 0 0 0 0 
0.292794542346475730 10 0 0 0 0 0 0 0 0 
0.296978623086829150 10 0 0 0 0 0 0 0 0 
0.30188485720914850 10 0 0 0 0 0 0 0 0 
0.3129906456139360 10 0 0 0 0 0 0 0 0 
0.3135389285035310 10 0 0 0 0 0 0 0 0 
0.32402205698141450 10 0 0 0 0 0 0 0 0 
0.328913689273688360 10 0 0 0 0 0 0 0 0 
0.35595943472182550 10 0 0 0 0 0 0 0 0 
0.369966448865582160 10 0 0 0 0 0 0 0 0 
0.374493024399623230 10 0 0 0 0 0 0 0 0 
0.39484414946435820 10 0 0 0 0 0 0 0 0 
0.40380688512837040 10 0 0 0 0 0 0 0 0 
0.41195868771395930 10 0 0 0 0 0 0 0 0 
0.41396976937446660 10 0 0 0 0 0 0 0 0 
0.41614834861639030 10 0 0 0 0 0 0 0 0 
0.429760556986635730 10 0 0 0 0 0 0 0 0 
0.432633038488948740 10 0 0 0 0 0 0 0 0 
0.4724614963051140 10 0 0 0 0 0 0 0 0 
0.48502360829321770 10 0 0 0 0 0 0 0 0 
0.5019123000199410 10 0 0 0 0 0 0 0 0 
0.51506799667534740 10 0 0 0 0 0 0 0 0 
0.52421845376536370 10 0 0 0 0 0 0 0 0 
0.52700664998059780 10 0 0 0 0 0 0 0 0 
0.5318981930411740 10 0 0 0 0 0 0 0 0 
0.54162872167682950 10 0 0 0 0 0 0 0 0 
0.56583869051981410 10 0 0 0 0 0 0 0 0 
0.56769475661890390 10 0 0 0 0 0 0 0 0 
0.57462408735852340 10 0 0 0 0 0 0 0 0 
0.62394279626698560 10 0 0 0 0 0 0 0 0 
0.62940527411422910 10 0 0 0 0 0 0 0 0 
0.6405933754412720 10 0 0 0 0 0 0 0 0 
0.6466621047147360 10 0 0 0 0 0 0 0 0 
0.65603332034534910 10 0 0 0 0 0 0 0 0 
0.68565207832045670 10 0 0 0 0 0 0 0 0 
0.6889448372307860 10 0 0 0 0 0 0 0 0 
0.72225475891325290 10 0 0 0 0 0 0 0 0 
0.74525505976669090 10 0 0 0 0 0 0 0 0 
0.7455324647002420 10 0 0 0 0 0 0 0 0 
0.74953048944283650 10 0 0 0 0 0 0 0 0 
0.79482171571862080 10 0 0 0 0 0 0 0 0 
0.80620291611085980 10 0 0 0 0 0 0 0 0 
0.81920415394741610 10 0 0 0 0 0 0 0 0 
0.8314201953853910 10 0 0 0 0 0 0 0 0 
0.85470735202575040 10 0 0 0 0 0 0 0 0 
0.88419072049122370 10 0 0 0 0 0 0 0 0 
0.91182995897314780 10 0 0 0 0 0 0 0 0 
0.92173783308066370 10 0 0 0 0 0 0 0 0 
0.92411630134186030 10 0 0 0 0 0 0 0 0 
0.92908094191395420 10 0 0 0 0 0 0 0 0 
0.94049526237059460 10 0 0 0 0 0 0 0 0 
0.94683680525521290 10 0 0 0 0 0 0 0 0 
0.95807389265883220 10 0 0 0 0 0 0 0 0 
0.96759387080993560 10 0 0 0 0 0 0 0 0 
0.98440130411408930 10 0 0 0 0 0 0 0 0 
1.02993286423456840 10 0 0 0 0 0 0 0 0 
1.03091114129718850 10 0 0 0 0 0 0 0 0 
1.06184770445229360 10 0 0 0 0 0 0 0 0 
1.07334633639862690 10 0 0 0 0 0 0 0 0 
1.10269613570756060 10 0 0 0 0 0 0 0 0 
1.11202273906616590 10 0 0 0 0 0 0 0 0 
1.15504977363189920 10 0 0 0 0 0 0 0 0 
1.16066943564407990 10 0 0 0 0 0 0 0 0 
1.1766393661417240 10 0 0 0 0 0 0 0 0 
1.18381749344386940 10 0 0 0 0 0 0 0 0 
1.18398355803109380 10 0 0 0 0 0 0 0 0 
1.19302244265451170 10 0 0 0 0 0 0 0 0 
1.21765317467081170 10 0 0 0 0 0 0 0 0 
1.22587669321705840 10 0 0 0 0 0 0 0 0 
1.22851514702314920 10 0 0 0 0 0 0 0 0 
1.27694582114060130 10 0 0 0 0 0 0 0 0 
1.29783292745955280 10 0 0 0 0 0 0 0 0 
1.3371375096602880 10 0 0 0 0 0 0 0 0 
1.35428060117798070 10 0 0 0 0 0 0 0 0 
1.361617112952310 10 0 0 0 0 0 0 0 0 
1.41632203563066360 10 0 0 0 0 0 0 0 0 
1.42649427129801290 10 0 0 0 0 0 0 0 0 
1.47266235906270150 10 0 0 0 0 0 0 0 0 
1.50103459878389510 10 0 0 0 0 0 0 0 0 
1.5281085282983390 10 0 0 0 0 0 0 0 0 
1.5418230153500730 10 0 0 0 0 0 0 0 0 
1.5440824711309030 10 0 0 0 0 0 0 0 0 
1.55998800491829010 10 0 0 0 0 0 0 0 0 
1.5798319877280150 10 0 0 0 0 0 0 0 0 
1.58976536408716830 10 0 0 0 0 0 0 0 0 
1.59427840847049350 10 0 0 0 0 0 0 0 0 
1.60076851902560910 10 0 0 0 0 0 0 0 0 
1.6086831099158750 10 0 0 0 0 0 0 0 0 
1.612930807901820 10 0 0 0 0 0 0 0 0 
1.61445789960803190 10 0 0 0 0 0 0 0 0 
1.6865088560457650 10 0 0 0 0 0 0 0 0 
1.69447454636930920 10 0 0 0 0 0 0 0 0 
1.70876868231305950 10 0 0 0 0 0 0 0 0 
1.71541058175944520 10 0 0 0 0 0 0 0 0 
1.72238886724536180 10 0 0 0 0 0 0 0 0 
1.73155597121281060 10 0 0 0 0 0 0 0 0 
1.77825640849599660 10 0 0 0 0 0 0 0 0 
1.77826557623709380 10 0 0 0 0 0 0 0 0 
1.80903054058586090 10 0 0 0 0 0 0 0 0 
1.84907383985141530 10 0 0 0 0 0 0 0 0 
1.8742654107590810 10 0 0 0 0 0 0 0 0 
1.89414085870877180 10 0 0 0 0 0 0 0 0 
1.894657917009320 10 0 0 0 0 0 0 0 0 
1.90526395825899740 10 0 0 0 0 0 0 0 0 
1.91303878231200470 10 0 0 0 0 0 0 0 0 
1.9162475147748020 10 0 0 0 0 0 0 0 0 
1.92885877447484440 10 0 0 0 0 0 0 0 0 
1.93456149061595760 10 0 0 0 0 0 0 0 0 
1.939535628087970 10 0 0 0 0 0 0 0 0 
1.939677177287940 10 0 0 0 0 0 0 0 0 
1.9587032405851670 10 0 0 0 0 0 0 0 0 
1.97673321704614070 10 0 0 0 0 0 0 0 0 
1.98153536365445040 10 0 0 0 0 0 0 0 0 
1.99714268617888970 10 0 0 0 0 0 0 0 0 
2.01201347591870050 10 0 0 0 0 0 0 0 0 
2.0120810962525690 10 0 0 0 0 0 0 0 0 
2.0307613605900110 10 0 0 0 0 0 0 0 0 
2.05178110337704520 10 0 0 0 0 0 0 0 0 
2.05447877572844730 10 0 0 0 0 0 0 0 0 
2.06029482471501660 10 0 0 0 0 0 0 0 0 
2.0643247955259310 10 0 0 0 0 0 0 0 0 
2.06821084156431520 10 0 0 0 0 0 0 0 0 
2.07330292123792060 10 0 0 0 0 0 0 0 0 
2.0898054874991440 10 0 0 0 0 0 0 0 0 
2.10292708976175870 10 0 0 0 0 0 0 0 0 
2.12823666461443930 10 0 0 0 0 0 0 0 0 
2.1352131035167590 10 0 0 0 0 0 0 0 0 
2.1432705589637760 10 0 0 0 0 0 0 0 0 
2.15951183776645460 10 0 0 0 0 0 0 0 0 
2.19661538888035770 10 0 0 0 0 0 0 0 0 
2.22552015994167630 10 0 0 0 0 0 0 0 0 
2.2290838598033730 10 0 0 0 0 0 0 0 0 
2.2354808395045750 10 0 0 0 0 0 0 0 0 
2.23569127649661950 10 0 0 0 0 0 0 0 0 
2.2405880691236470 10 0 0 0 0 0 0 0 0 
2.26045094710646930 10 0 0 0 0 0 0 0 0 
2.28517011651760 10 0 0 0 0 0 0 0 0 
2.28606515143840 10 0 0 0 0 0 0 0 0 
2.2899964506933520 10 0 0 0 0 0 0 0 0 
2.3156587516548530 10 0 0 0 0 0 0 0 0 
2.3323245843588370 10 0 0 0 0 0 0 0 0 
2.3452345099435980 10 0 0 0 0 0 0 0 0 
2.3465427934632580 10 0 0 0 0 0 0 0 0 
2.37352183435981660 10 0 0 0 0 0 0 0 0 
2.37475070541714130 10 0 0 0 0 0 0 0 0 
2.41213732568612430 10 0 0 0 0 0 0 0 0 
2.42275137045418540 10 0 0 0 0 0 0 0 0 
2.46284961527781570 10 0 0 0 0 0 0 0 0 
2.46770066856488230 10 0 0 0 0 0 0 0 0 
2.50464707803582650 10 0 0 0 0 0 0 0 0 
2.53574875543938160 10 0 0 0 0 0 0 0 0 
2.5512703675174160 10 0 0 0 0 0 0 0 0 
2.567552333400130 10 0 0 0 0 0 0 0 0 
2.57015322405791260 10 0 0 0 0 0 0 0 0 
2.58219058268630030 10 0 0 0 0 0 0 0 0 
2.58356254223655930 10 0 0 0 0 0 0 0 0 
2.58736815397951550 10 0 0 0 0 0 0 0 0 
2.59126780547473650 10 0 0 0 0 0 0 0 0 
2.59447434331764940 10 0 0 0 0 0 0 0 0 
2.63076727345761170 10 0 0 0 0 0 0 0 0 
2.65521640197362350 10 0 0 0 0 0 0 0 0 
2.6719877810046010 10 0 0 0 0 0 0 0 0 
2.6903990790866870 10 0 0 0 0 0 0 0 0 
2.69337374402308830 10 0 0 0 0 0 0 0 0 
2.70771035289493420 10 0 0 0 0 0 0 0 0 
2.7089266055035270 10 0 0 0 0 0 0 0 0 
2.7212809235898550 10 0 0 0 0 0 0 0 0 
2.7278220778468150 10 0 0 0 0 0 0 0 0 
2.72855742814234060 10 0 0 0 0 0 0 0 0 
2.73330978377115530 10 0 0 0 0 0 0 0 0 
2.7466985304669120 10 0 0 0 0 0 0 0 0 
2.81272784336397040 10 0 0 0 0 0 0 0 0 
2.8249470299181990 10 0 0 0 0 0 0 0 0 
2.8346853935289470 10 0 0 0 0 0 0 0 0 
2.84736772501961080 10 0 0 0 0 0 0 0 0 
2.85993145697868330 10 0 0 0 0 0 0 0 0 
2.86118157707287460 10 0 0 0 0 0 0 0 0 
2.8840506669555850 10 0 0 0 0 0 0 0 0 
2.90713866653243660 10 0 0 0 0 0 0 0 0 
2.92389437182330920 10 0 0 0 0 0 0 0 0 
2.96521449864258950 10 0 0 0 0 0 0 0 0 
2.96999612277425930 10 0 0 0 0 0 0 0 0 
3.0126313240196030 10 0 0 0 0 0 0 0 0 
3.0264143447039110 10 0 0 0 0 0 0 0 0 
3.06611206295227840 10 0 0 0 0 0 0 0 0 
3.1199846404612970 10 0 0 0 0 0 0 0 0 
3.14675338475200040 10 0 0 0 0 0 0 0 0 
3.14838438907711060 10 0 0 0 0 0 0 0 0 
3.15309000085720830 10 0 0 0 0 0 0 0 0 
3.15421584492560920 10 0 0 0 0 0 0 0 0 
3.16396666602189120 10 0 0 0 0 0 0 0 0 
3.1741205877556410 10 0 0 0 0 0 0 0 0 
3.1797851725868340 10 0 0 0 0 0 0 0 0 
3.2121133999359330 10 0 0 0 0 0 0 0 0 
3.2837612859626710 10 0 0 0 0 0 0 0 0 
3.29620584868195280 10 0 0 0 0 0 0 0 0 
3.29847482795002420 10 0 0 0 0 0 0 0 0 
3.30775570644859230 10 0 0 0 0 0 0 0 0 
3.31588162524421160 10 0 0 0 0 0 0 0 0 
3.32018773466848940 10 0 0 0 0 0 0 0 0 
3.3270789098221920 10 0 0 0 0 0 0 0 0 
3.3855248398596470 10 0 0 0 0 0 0 0 0 
3.39540692767641960 10 0 0 0 0 0 0 0 0 
3.4297835536424040 10 0 0 0 0 0 0 0 0 
3.4305447277543260 10 0 0 0 0 0 0 0 0 
3.43573353792834850 10 0 0 0 0 0 0 0 0 
3.4385465438061220 10 0 0 0 0 0 0 0 0 
3.4754585748570170 10 0 0 0 0 0 0 0 0 
3.47920810250017530 10 0 0 0 0 0 0 0 0 
3.5001656728980690 10 0 0 0 0 0 0 0 0 
3.5015721577146810 10 0 0 0 0 0 0 0 0 
3.5046395586818380 10 0 0 0 0 0 0 0 0 
3.5284072969954920 10 0 0 0 0 0 0 0 0 
3.58757470331448850 10 0 0 0 0 0 0 0 0 
3.5959684115114390 10 0 0 0 0 0 0 0 0 
3.65085276537927460 10 0 0 0 0 0 0 0 0 
3.6526371971465790 10 0 0 0 0 0 0 0 0 
3.65370899133863960 10 0 0 0 0 0 0 0 0 
3.6781578489297030 10 0 0 0 0 0 0 0 0 
3.6800605944205370 10 0 0 0 0 0 0 0 0 
3.7194381921354490 10 0 0 0 0 0 0 0 0 
3.73274021617205860 10 0 0 0 0 0 0 0 0 
3.7360307332969370 10 0 0 0 0 0 0 0 0 
3.79320427202852970 10 0 0 0 0 0 0 0 0 
3.80026168132089160 10 0 0 0 0 0 0 0 0 
3.8017160803835710 10 0 0 0 0 0 0 0 0 
3.81041902933693780 10 0 0 0 0 0 0 0 0 
3.8179569170569170 10 0 0 0 0 0 0 0 0 
3.8231051930705650 10 0 0 0 0 0 0 0 0 
3.832741757978350 10 0 0 0 0 0 0 0 0 
3.8559548497680910 10 0 0 0 0 0 0 0 0 
3.86546220270363250 10 0 0 0 0 0 0 0 0 
3.88873980951369760 10 0 0 0 0 0 0 0 0 
3.92374421976142870 10 0 0 0 0 0 0 0 0 
3.9282529214499420 10 0 0 0 0 0 0 0 0 
3.9308185968965290 10 0 0 0 0 0 0 0 0 
3.93525255730205360 10 0 0 0 0 0 0 0 0 
3.9442593926734110 10 0 0 0 0 0 0 0 0 
3.95110502807566630 10 0 0 0 0 0 0 0 0 
3.9886514941553810 10 0 0 0 0 0 0 0 0 
3.9890457090894710 10 0 0 0 0 0 0 0 0 
3.9964366927465550 10 0 0 0 0 0 0 0 0 
4.15381089092622350 10 0 0 0 0 0 0 0 0 
4.1651095626075760 10 0 0 0 0 0 0 0 0 
4.2187397313798140 10 0 0 0 0 0 0 0 0 
4.2213553070943010 10 0 0 0 0 0 0 0 0 
4.2328962233941080 10 0 0 0 0 0 0 0 0 
4.2406348421979960 10 0 0 0 0 0 0 0 0 
4.2534526054406660 10 0 0 0 0 0 0 0 0 
4.2624555341516260 10 0 0 0 0 0 0 0 0 
4.2705856075433070 10 0 0 0 0 0 0 0 0 
4.3026200549353560 10 0 0 0 0 0 0 0 0 
4.3216495124429020 10 0 0 0 0 0 0 0 0 
4.3506707857813030 10 0 0 0 0 0 0 0 0 
4.3646402019349390 10 0 0 0 0 0 0 0 0 
4.3983544965674080 10 0 0 0 0 0 0 0 0 
4.3998055950482620 10 0 0 0 0 0 0 0 0 
4.4528527712448360 10 0 0 0 0 0 0 0 0 
4.4587978637868420 10 0 0 0 0 0 0 0 0 
4.4662053170404610 10 0 0 0 0 0 0 0 0 
4.4880020468820380 10 0 0 0 0 0 0 0 0 
4.4989607677722860 10 0 0 0 0 0 0 0 0 
4.514680287402560 10 0 0 0 0 0 0 0 0 
4.5218809905643810 10 0 0 0 0 0 0 0 0 
4.5224604960833710 10 0 0 0 0 0 0 0 0 
4.5284333925430690 10 0 0 0 0 0 0 0 0 
4.5378815374870470 10 0 0 0 0 0 0 0 0 
4.5457156256269420 10 0 0 0 0 0 0 0 0 
4.5677777627793540 10 0 0 0 0 0 0 0 0 
4.5754490983313540 10 0 0 0 0 0 0 0 0 
4.5863743466408730 10 0 0 0 0 0 0 0 0 
4.6082693234752770 10 0 0 0 0 0 0 0 0 
4.6178908819833780 10 0 0 0 0 0 0 0 0 
4.6280501014369860 10 0 0 0 0 0 0 0 0 
4.64515268661145250 10 0 0 0 0 0 0 0 0 
4.6715782977235220 10 0 0 0 0 0 0 0 0 
4.6829416729155160 10 0 0 0 0 0 0 0 0 
4.7563433810709080 10 0 0 0 0 0 0 0 0 
4.7651077565088790 10 0 0 0 0 0 0 0 0 
4.7719938093434790 10 0 0 0 0 0 0 0 0 
4.7856592430536230 10 0 0 0 0 0 0 0 0 
4.8104155488627750 10 0 0 0 0 0 0 0 0 
4.8274497361185690 10 0 0 0 0 0 0 0 0 
4.8416701087747870 10 0 0 0 0 0 0 0 0 
4.8424932139636420 10 0 0 0 0 0 0 0 0 
4.8469593974846890 10 0 0 0 0 0 0 0 0 
4.8649766537566220 10 0 0 0 0 0 0 0 0 
4.87330702978987950 10 0 0 0 0 0 0 0 0 
4.8802499985115080 10 0 0 0 0 0 0 0 0 
4.89046498092104450 10 0 0 0 0 0 0 0 0 
4.9018634001895720 10 0 0 0 0 0 0 0 0 
4.90203879416422250 10 0 0 0 0 0 0 0 0 
4.91100803232103460 10 0 0 0 0 0 0 0 0 
4.9140686046453960 10 0 0 0 0 0 0 0 0 
4.9372742963672470 10 0 0 0 0 0 0 0 0 
4.9992511648627340 10 0 0 0 0 0 0 0 0 
5.0053777224286590 10 0 0 0 0 0 0 0 0 
5.0156726957169120 10 0 0 0 0 0 0 0 0 
5.0251690656708170 10 0 0 0 0 0 0 0 0 
5.0305653334284010 10 0 0 0 0 0 0 0 0 
5.04324311605535150 10 0 0 0 0 0 0 0 0 
5.0800555894170430 10 0 0 0 0 0 0 0 0 
5.10122227408512250 10 0 0 0 0 0 0 0 0 
5.17567486194638350 10 0 0 0 0 0 0 0 0 
5.1842524273967240 10 0 0 0 0 0 0 0 0 
5.1887569886811410 10 0 0 0 0 0 0 0 0 
5.1990022185186380 10 0 0 0 0 0 0 0 0 
5.2186134998258990 10 0 0 0 0 0 0 0 0 
5.2513471666747430 10 0 0 0 0 0 0 0 0 
5.2524133117262550 10 0 0 0 0 0 0 0 0 
5.3045254264538490 10 0 0 0 0 0 0 0 0 
5.320565037886980 10 0 0 0 0 0 0 0 0 
5.3253963228768980 10 0 0 0 0 0 0 0 0 
5.36042710525503450 10 0 0 0 0 0 0 0 0 
5.3656844997158740 10 0 0 0 0 0 0 0 0 
5.3703327806349320 10 0 0 0 0 0 0 0 0 
5.3737375382253280 10 0 0 0 0 0 0 0 0 
5.3862275529181690 10 0 0 0 0 0 0 0 0 
5.3879762539696350 10 0 0 0 0 0 0 0 0 
5.4139956668648890 10 0 0 0 0 0 0 0 0 
5.4216755007818690 10 0 0 0 0 0 0 0 0 
5.4236806555984350 10 0 0 0 0 0 0 0 0 
5.5562103304519190 10 0 0 0 0 0 0 0 0 
5.5883065090788420 10 0 0 0 0 0 0 0 0 
5.5900944045751590 10 0 0 0 0 0 0 0 0 
5.6039755239599830 10 0 0 0 0 0 0 0 0 
5.6148899603843270 10 0 0 0 0 0 0 0 0 
5.6170706873032890 10 0 0 0 0 0 0 0 0 
5.6431385067914660 10 0 0 0 0 0 0 0 0 
5.6623794017166870 10 0 0 0 0 0 0 0 0 
5.66715803351597550 10 0 0 0 0 0 0 0 0 
5.7046872609293120 10 0 0 0 0 0 0 0 0 
5.7234541885653160 10 0 0 0 0 0 0 0 0 
5.72848175361759450 10 0 0 0 0 0 0 0 0 
5.74509680681642450 10 0 0 0 0 0 0 0 0 
5.7796065338675940 10 0 0 0 0 0 0 0 0 
5.7967773423515760 10 0 0 0 0 0 0 0 0 
5.8115979941647610 10 0 0 0 0 0 0 0 0 
5.8593184395795120 10 0 0 0 0 0 0 0 0 
5.86905605045096750 10 0 0 0 0 0 0 0 0 
5.8951748781778360 10 0 0 0 0 0 0 0 0 
5.9066036906930250 10 0 0 0 0 0 0 0 0 
5.9138006543181470 10 0 0 0 0 0 0 0 0 
5.9219588969770670 10 0 0 0 0 0 0 0 0 
5.9246109829635210 10 0 0 0 0 0 0 0 0 
5.9443702359543570 10 0 0 0 0 0 0 0 0 
5.9553574364195780 10 0 0 0 0 0 0 0 0 
5.981115838192510 10 0 0 0 0 0 0 0 0 
6.0003700562994560 10 0 0 0 0 0 0 0 0 
6.00154421383168750 10 0 0 0 0 0 0 0 0 
6.0312036128316810 10 0 0 0 0 0 0 0 0 
6.0438231020132220 10 0 0 0 0 0 0 0 0 
6.0572701313371940 10 0 0 0 0 0 0 0 0 
6.0615623937190440 10 0 0 0 0 0 0 0 0 
6.0825528352014010 10 0 0 0 0 0 0 0 0 
6.10156546383024350 10 0 0 0 0 0 0 0 0 
6.1044719255761540 10 0 0 0 0 0 0 0 0 
6.1134749951404280 10 0 0 0 0 0 0 0 0 
6.1204001438488660 10 0 0 0 0 0 0 0 0 
6.1372847349887030 10 0 0 0 0 0 0 0 0 
6.1493041281192120 10 0 0 0 0 0 0 0 0 
6.1658052940066020 10 0 0 0 0 0 0 0 0 
6.16975381923457360 10 0 0 0 0 0 0 0 0 
6.1999414485182850 10 0 0 0 0 0 0 0 0 
6.2710439366273610 10 0 0 0 0 0 0 0 0 
6.282206495821910 10 0 0 0 0 0 0 0 0 
6.336414790059240 10 0 0 0 0 0 0 0 0 
6.345815453193720 10 0 0 0 0 0 0 0 0 
6.353827386583070 10 0 0 0 0 0 0 0 0 
6.35940375402678450 10 0 0 0 0 0 0 0 0 
6.3662983689498050 10 0 0 0 0 0 0 0 0 
6.3694490222788490 10 0 0 0 0 0 0 0 0 
6.4358422277796650 10 0 0 0 0 0 0 0 0 
6.4396298549956010 10 0 0 0 0 0 0 0 0 
6.4776212551254140 10 0 0 0 0 0 0 0 0 
6.488016391271740 10 0 0 0 0 0 0 0 0 
6.5386178570227130 10 0 0 0 0 0 0 0 0 
6.5549436243061930 10 0 0 0 0 0 0 0 0 
6.5733122023795690 10 0 0 0 0 0 0 0 0 
6.5792073176338870 10 0 0 0 0 0 0 0 0 
6.5846852791535110 10 0 0 0 0 0 0 0 0 
6.5857588105693320 10 0 0 0 0 0 0 0 0 
6.6151331661407240 10 0 0 0 0 0 0 0 0 
6.62790703497741250 10 0 0 0 0 0 0 0 0 
6.6302383407861570 10 0 0 0 0 0 0 0 0 
6.6318756431528170 10 0 0 0 0 0 0 0 0 
6.63484967621317350 10 0 0 0 0 0 0 0 0 
6.6581488717622290 10 0 0 0 0 0 0 0 0 
6.6636529671844360 10 0 0 0 0 0 0 0 0 
6.6711147413962510 10 0 0 0 0 0 0 0 0 
6.7004030077896240 10 0 0 0 0 0 0 0 0 
6.71630092103496250 10 0 0 0 0 0 0 0 0 
6.716953069336820 10 0 0 0 0 0 0 0 0 
6.7282767226169670 10 0 0 0 0 0 0 0 0 
6.7482129148961640 10 0 0 0 0 0 0 0 0 
6.7593401045908860 10 0 0 0 0 0 0 0 0 
6.7847698721798130 10 0 0 0 0 0 0 0 0 
6.7973592934810790 10 0 0 0 0 0 0 0 0 
6.804283712966490 10 0 0 0 0 0 0 0 0 
6.8280381605420140 10 0 0 0 0 0 0 0 0 
6.8288862092658720 10 0 0 0 0 0 0 0 0 
6.8324951687583360 10 0 0 0 0 0 0 0 0 
6.8401269969652910 10 0 0 0 0 0 0 0 0 
6.8416747383613090 10 0 0 0 0 0 0 0 0 
6.8683028836087810 10 0 0 0 0 0 0 0 0 
6.8700299235972170 10 0 0 0 0 0 0 0 0 
6.8910454968078550 10 0 0 0 0 0 0 0 0 
6.9035482829248050 10 0 0 0 0 0 0 0 0 
6.9086311086567540 10 0 0 0 0 0 0 0 0 
6.9301015176474820 10 0 0 0 0 0 0 0 0 
6.932251971396710 10 0 0 0 0 0 0 0 0 
6.9372277796144610 10 0 0 0 0 0 0 0 0 
6.9507851078989370 10 0 0 0 0 0 0 0 0 
6.9755177578674220 10 0 0 0 0 0 0 0 0 
7.0029811136160570 10 0 0 0 0 0 0 0 0 
7.0111466282245960 10 0 0 0 0 0 0 0 0 
7.0505896541233930 10 0 0 0 0 0 0 0 0 
7.054668509715880 10 0 0 0 0 0 0 0 0 
7.0582582331751750 10 0 0 0 0 0 0 0 0 
7.0587289888311830 10 0 0 0 0 0 0 0 0 
7.0622541753576290 10 0 0 0 0 0 0 0 0 
7.0648603351439880 10 0 0 0 0 0 0 0 0 
7.06688133830743850 10 0 0 0 0 0 0 0 0 
7.0831016472735910 10 0 0 0 0 0 0 0 0 
7.0863243578887910 10 0 0 0 0 0 0 0 0 
7.0909975355996470 10 0 0 0 0 0 0 0 0 
7.1227650957192850 10 0 0 0 0 0 0 0 0 
7.1270901575708230 10 0 0 0 0 0 0 0 0 
7.1423308585715580 10 0 0 0 0 0 0 0 0 
7.1542215732681260 10 0 0 0 0 0 0 0 0 
7.1542238437696690 10 0 0 0 0 0 0 0 0 
7.1586459404430260 10 0 0 0 0 0 0 0 0 
7.1587822324086380 10 0 0 0 0 0 0 0 0 
7.1707117794294190 10 0 0 0 0 0 0 0 0 
7.218347787302480 10 0 0 0 0 0 0 0 0 
7.2384793602849410 10 0 0 0 0 0 0 0 0 
7.238520206258280 10 0 0 0 0 0 0 0 0 
7.2449183154562850 10 0 0 0 0 0 0 0 0 
7.2551929669285850 10 0 0 0 0 0 0 0 0 
7.2620137458410810 10 0 0 0 0 0 0 0 0 
7.26762039906334150 10 0 0 0 0 0 0 0 0 
7.3105130177689890 10 0 0 0 0 0 0 0 0 
7.3343445170224430 10 0 0 0 0 0 0 0 0 
7.3577923831239920 10 0 0 0 0 0 0 0 0 
7.3765452803154610 10 0 0 0 0 0 0 0 0 
7.39898470010003350 10 0 0 0 0 0 0 0 0 
7.4483300778511460 10 0 0 0 0 0 0 0 0 
7.4618241611834160 10 0 0 0 0 0 0 0 0 
7.5241747693408340 10 0 0 0 0 0 0 0 0 
7.5367733363196810 10 0 0 0 0 0 0 0 0 
7.55753525291854360 10 0 0 0 0 0 0 0 0 
7.5653032867117940 10 0 0 0 0 0 0 0 0 
7.5729321249673720 10 0 0 0 0 0 0 0 0 
7.6044193174878690 10 0 0 0 0 0 0 0 0 
7.6284749580196880 10 0 0 0 0 0 0 0 0 
7.66924554029688550 10 0 0 0 0 0 0 0 0 
7.6896629339007850 10 0 0 0 0 0 0 0 0 
7.7193807033794080 10 0 0 0 0 0 0 0 0 
7.725236792253840 10 0 0 0 0 0 0 0 0 
7.7431667862491470 10 0 0 0 0 0 0 0 0 
7.782128783723250 10 0 0 0 0 0 0 0 0 
7.8282461525151630 10 0 0 0 0 0 0 0 0 
7.8397074920889930 10 0 0 0 0 0 0 0 0 
7.860830530685430 10 0 0 0 0 0 0 0 0 
7.8660039230885530 10 0 0 0 0 0 0 0 0 
7.9209519410344180 10 0 0 0 0 0 0 0 0 
7.9578013678600250 10 0 0 0 0 0 0 0 0 
7.9584739102081270 10 0 0 0 0 0 0 0 0 
7.969098101537710 10 0 0 0 0 0 0 0 0 
7.9788150678253520 10 0 0 0 0 0 0 0 0 
7.9793715728056910 10 0 0 0 0 0 0 0 0 
8.0274227864314210 10 0 0 0 0 0 0 0 0 
8.0408945396498820 10 0 0 0 0 0 0 0 0 
8.0455976572201760 10 0 0 0 0 0 0 0 0 
8.076850560544890 10 0 0 0 0 0 0 0 0 
8.0970142209256760 10 0 0 0 0 0 0 0 0 
8.098585782463740 10 0 0 0 0 0 0 0 0 
8.191679346987470 10 0 0 0 0 0 0 0 0 
8.2074376260268470 10 0 0 0 0 0 0 0 0 
8.2230776227568970 10 0 0 0 0 0 0 0 0 
8.2328624385678760 10 0 0 0 0 0 0 0 0 
8.2487185054829870 10 0 0 0 0 0 0 0 0 
8.257105053979730 10 0 0 0 0 0 0 0 0 
8.282651272607350 10 0 0 0 0 0 0 0 0 
8.3066368418301590 10 0 0 0 0 0 0 0 0 
8.3084433362800210 10 0 0 0 0 0 0 0 0 
8.3184527064408960 10 0 0 0 0 0 0 0 0 
8.3359496287839820 10 0 0 0 0 0 0 0 0 
8.3376545483714950 10 0 0 0 0 0 0 0 0 
8.3463480675071010 10 0 0 0 0 0 0 0 0 
8.3788641225478010 10 0 0 0 0 0 0 0 0 
8.4066111629192070 10 0 0 0 0 0 0 0 0 
8.4347136876090690 10 0 0 0 0 0 0 0 0 
8.4779395859608830 10 0 0 0 0 0 0 0 0 
8.48724165752030 10 0 0 0 0 0 0 0 0 
8.5136092027824260 10 0 0 0 0 0 0 0 0 
8.517379132903150 10 0 0 0 0 0 0 0 0 
8.5179918341562020 10 0 0 0 0 0 0 0 0 
8.5363417823245250 10 0 0 0 0 0 0 0 0 
8.5707129243915650 10 0 0 0 0 0 0 0 0 
8.6112001593376080 10 0 0 0 0 0 0 0 0 
8.631488913775120 10 0 0 0 0 0 0 0 0 
8.6376691960343130 10 0 0 0 0 0 0 0 0 
8.6807065036714770 10 0 0 0 0 0 0 0 0 
8.6981954391894880 10 0 0 0 0 0 0 0 0 
8.6986166570742740 10 0 0 0 0 0 0 0 0 
8.7186580094486120 10 0 0 0 0 0 0 0 0 
8.7195978946104770 10 0 0 0 0 0 0 0 0 
8.7247457559865820 10 0 0 0 0 0 0 0 0 
8.7304673523807870 10 0 0 0 0 0 0 0 0 
8.7314774117971420 10 0 0 0 0 0 0 0 0 
8.7411500869699470 10 0 0 0 0 0 0 0 0 
8.7436515155985840 10 0 0 0 0 0 0 0 0 
8.7844556827697210 10 0 0 0 0 0 0 0 0 
8.7932450131318930 10 0 0 0 0 0 0 0 0 
8.8088560361885670 10 0 0 0 0 0 0 0 0 
8.8211037225981010 10 0 0 0 0 0 0 0 0 
8.827158904705630 10 0 0 0 0 0 0 0 0 
8.8462607830097260 10 0 0 0 0 0 0 0 0 
8.8483801004400160 10 0 0 0 0 0 0 0 0 
8.8525746414883280 10 0 0 0 0 0 0 0 0 
8.8655266439300180 10 0 0 0 0 0 0 0 0 
8.8710331770974130 10 0 0 0 0 0 0 0 0 
8.8787257457260440 10 0 0 0 0 0 0 0 0 
8.9076692196608520 10 0 0 0 0 0 0 0 0 
8.9164990853139820 10 0 0 0 0 0 0 0 0 
8.919160779537980 10 0 0 0 0 0 0 0 0 
8.977837646459840 10 0 0 0 0 0 0 0 0 
8.9832549815960810 10 0 0 0 0 0 0 0 0 
8.9868069417203480 10 0 0 0 0 0 0 0 0 
8.9881978512514330 10 0 0 0 0 0 0 0 0 
9.032050362488930 10 0 0 0 0 0 0 0 0 
9.0465996484146720 10 0 0 0 0 0 0 0 0 
9.0507360321503930 10 0 0 0 0 0 0 0 0 
9.0830002339252720 10 0 0 0 0 0 0 0 0 
9.0976314406382550 10 0 0 0 0 0 0 0 0 
9.1393873836474370 10 0 0 0 0 0 0 0 0 
9.14162316539110 10 0 0 0 0 0 0 0 0 
9.1506739018798770 10 0 0 0 0 0 0 0 0 
9.1512458087666550 10 0 0 0 0 0 0 0 0 
9.1597137123659550 10 0 0 0 0 0 0 0 0 
9.1657383124215530 10 0 0 0 0 0 0 0 0 
9.1688550621306550 10 0 0 0 0 0 0 0 0 
9.1797961028533770 10 0 0 0 0 0 0 0 0 
9.1866522470441260 10 0 0 0 0 0 0 0 0 
9.2407196589276030 10 0 0 0 0 0 0 0 0 
9.2430628127529620 10 0 0 0 0 0 0 0 0 
9.266677279057960 10 0 0 0 0 0 0 0 0 
9.2863641162079610 10 0 0 0 0 0 0 0 0 
9.316898965138530 10 0 0 0 0 0 0 0 0 
9.3287730693366960 10 0 0 0 0 0 0 0 0 
9.3799810601941310 10 0 0 0 0 0 0 0 0 
9.3813838619627850 10 0 0 0 0 0 0 0 0 
9.391198693659690 10 0 0 0 0 0 0 0 0 
9.441337176072280 10 0 0 0 0 0 0 0 0 
9.4786602618698430 10 0 0 0 0 0 0 0 0 
9.4905920673399860 10 0 0 0 0 0 0 0 0 
9.498401708844550 10 0 0 0 0 0 0 0 0 
9.5096716224334620 10 0 0 0 0 0 0 0 0 
9.5489080379432740 10 0 0 0 0 0 0 0 0 
9.5726417342248740 10 0 0 0 0 0 0 0 0 
9.574145656709060 10 0 0 0 0 0 0 0 0 
9.5741923625648480 10 0 0 0 0 0 0 0 0 
9.5761107935023750 10 0 0 0 0 0 0 0 0 
9.5762823143103870 10 0 0 0 0 0 0 0 0 
9.5800063643509950 10 0 0 0 0 0 0 0 0 
9.597180665268930 10 0 0 0 0 0 0 0 0 
9.6005963120917940 10 0 0 0 0 0 0 0 0 
9.6041214253413720 10 0 0 0 0 0 0 0 0 
9.6070493746976580 10 0 0 0 0 0 0 0 0 
9.622437427114650 10 0 0 0 0 0 0 0 0 
9.62934306357580 10 0 0 0 0 0 0 0 0 
9.6317164664858750 10 0 0 0 0 0 0 0 0 
9.6652730479761470 10 0 0 0 0 0 0 0 0 
9.6682801209657840 10 0 0 0 0 0 0 0 0 
9.7108355993925550 10 0 0 0 0 0 0 0 0 
9.7216318895304120 10 0 0 0 0 0 0 0 0 
9.7365334050867030 10 0 0 0 0 0 0 0 0 
9.7696145768267360 10 0 0 0 0 0 0 0 0 
9.814296510430150 10 0 0 0 0 0 0 0 0 
9.8691697354251480 10 0 0 0 0 0 0 0 0 
9.875113774799880 10 0 0 0 0 0 0 0 0 
9.8800219893395590 10 0 0 0 0 0 0 0 0 
9.8871597588574930 10 0 0 0 0 0 0 0 0 
9.899194833491910 10 0 0 0 0 0 0 0 0 
9.9027233570460420 10 0 0 0 0 0 0 0 0 
9.9182844773298560 10 0 0 0 0 0 0 0 0 
9.9188026360317170 10 0 0 0 0 0 0 0 0 
9.9239536639741810 10 0 0 0 0 0 0 0 0 
9.9248667680703750 10 0 0 0 0 0 0 0 0 
9.9361223521051320 10 0 0 0 0 0 0 0 0 
9.9524723675548420 10 0 0 0 0 0 0 0 0 
9.9620853334368250 10 0 0 0 0 0 0 0 0 
9.9879305735522020 10 0 0 0 0 0 0 0 0 
9.9896362216401970 10 0 0 0 0 0 0 0 0 
10.0105061219555740 10 0 0 0 0 0 0 0 0 
