0.0 1 4 
0.5866754499887584 2 4 
0.6130198693740514 3 4 
0.8664815541741726 4 4 
0.9187117508517286 5 4 
0.9769017875023976 6 4 
0.9883429876995808 7 4 
1.03504381778295 8 4 
1.053605584246959 9 4 
1.0701968676325329 10 4 
1.0863757746918365 11 4 
1.103574032249931 12 4 
1.2167708011838196 13 4 
1.2459410429607363 14 4 
1.262350492314467 15 4 
1.2986467222385556 16 4 
1.3250396588749045 16 4 
1.3496823625108993 17 4 
1.3894614100253413 18 4 
1.390417881658143 19 4 
1.4856249033533213 20 4 
1.4952060090580819 21 4 
1.5061554030009057 22 4 
1.5101565497012375 23 4 
1.5807362832251686 24 4 
1.6982316119185834 25 4 
1.7210658217017727 25 4 
1.7285258706727333 26 4 
1.7742284372877162 27 4 
1.848304825508896 28 4 
1.8518324334940413 29 4 
1.8834163715976342 30 4 
1.8952711171616727 31 4 
1.9060539269950796 31 4 
1.906646438651139 32 4 
1.9295480221676027 33 4 
1.9649435833922353 34 4 
1.968397410771158 35 4 
2.0019963828605336 36 4 
2.0033460828122807 37 4 
2.0107404814902536 38 4 
2.015997497562669 39 4 
2.0967411756344685 40 4 
2.1453780340064172 41 4 
2.1538778407611026 42 4 
2.1696608413533385 43 4 
2.2418116190749955 44 4 
2.2514365068427917 45 4 
2.308867581208238 46 4 
2.30899531249844 47 4 
2.309719802536108 48 4 
2.3334393110305087 49 4 
2.378187336706958 50 4 
2.4099951034083267 51 4 
2.4278754007279137 52 4 
2.431526921948244 53 4 
2.517334307591343 54 4 
2.5428930575969644 55 4 
2.5643035962804333 56 4 
2.5812020347743108 57 4 
2.586722460554171 58 4 
2.6350529381846095 59 4 
2.6362620978869424 60 4 
2.6382540888733477 61 4 
2.6746903353803786 62 4 
2.6789123359860048 63 4 
2.7186235410528288 64 4 
2.727592021086743 65 4 
2.73241373022317 66 4 
2.7501871069013464 67 4 
2.753804079853104 68 4 
2.754149717764849 69 4 
2.7957570375954943 70 4 
2.831023409841571 71 4 
2.8795466573886177 72 4 
2.888729356040697 73 4 
2.898124469841765 74 4 
2.9230724116924613 75 4 
2.976843983784222 76 4 
2.9920203040615387 77 4 
3.0462320031365406 78 4 
3.0525504926845275 79 4 
3.173891671686281 80 4 
3.1846400603564278 81 4 
3.243183852570195 82 4 
3.269920375254568 83 4 
3.3138930435510217 84 4 
3.3215337605936677 85 4 
3.3364483777439196 86 4 
3.363954382749814 87 4 
3.364295707561838 88 4 
3.371289166882327 89 4 
3.375287736573486 90 4 
3.379757439741559 91 4 
3.380477942936475 92 4 
3.4226023279313718 93 4 
3.4269919882423077 94 4 
3.4621080469646417 95 4 
3.4741699342256025 96 4 
3.4754119493366518 97 4 
3.496502909879846 98 4 
3.5130432182232503 99 4 
3.5295648989797623 100 4 
3.542065748821564 101 4 
3.565932329204015 102 4 
3.5973295269003254 103 4 
3.6018411253700267 104 4 
3.608435156796414 105 4 
3.6213098880900483 106 4 
3.6277821653409323 107 4 
3.6279166956625386 108 4 
3.6282103917586586 109 4 
3.639054445582862 110 4 
3.657210650982235 111 4 
3.6629057713448043 112 4 
3.6927924496096654 113 4 
3.701527477646123 114 4 
3.7195503732906476 115 4 
3.7638124549792438 116 4 
3.7734721599684797 117 4 
3.7861820086679026 118 4 
3.7876831131168833 119 4 
3.8118318904099047 120 4 
3.844557235842171 121 4 
3.863018125507169 122 4 
3.864318658628129 123 4 
3.920209139549278 124 4 
3.9262212672061403 125 4 
3.9270599854753465 126 4 
3.9342897795017975 127 4 
3.9503482674823074 128 4 
3.963400590118936 129 4 
3.9665327548975644 130 4 
4.001260304917423 131 4 
4.004648839786735 132 4 
4.017113576242465 133 4 
4.019759795140467 134 4 
4.025114002046083 135 4 
4.056501629681937 136 4 
4.094500988398938 137 4 
4.095347490831925 138 4 
4.099822990431815 139 4 
4.1074956752086615 140 4 
4.108021054768993 141 4 
4.120341415476165 142 4 
4.1226166431389695 143 4 
4.1252257128336876 144 4 
4.140171517664153 145 4 
4.147416671295813 146 4 
4.1494674732572125 147 4 
4.157175225510809 148 4 
4.161741075099962 149 4 
4.172472295080448 150 4 
4.1787373985955165 151 4 
4.193259428861625 152 4 
4.205983218336246 153 4 
4.241431166998275 154 4 
4.246350652053292 155 4 
4.246869756734286 156 4 
4.2649684389131295 157 4 
4.284163784805773 158 4 
4.305589153004174 159 4 
4.320371830757185 160 4 
4.351994944379705 161 4 
4.3593540756957045 162 4 
4.416840254102861 163 4 
4.43861095598036 164 4 
4.4434371114980005 165 4 
4.47249583367505 166 4 
4.477460414323107 167 4 
4.513270700384252 168 4 
4.5399219988008985 169 4 
4.542809109266344 170 4 
4.546443705124041 171 4 
4.555521987312356 172 4 
4.562778396109778 173 4 
4.568334296360844 174 4 
4.571467834815177 175 4 
4.594877436566689 176 4 
4.614480457102854 177 4 
4.6154632345600906 178 4 
4.626049146155387 179 4 
4.648435032811199 180 4 
4.679247315929114 181 4 
4.693633895215119 182 4 
4.698833807153642 183 4 
4.714535981140804 184 4 
4.727923251201124 185 4 
4.754625672136456 186 4 
4.758037172139039 187 4 
4.7712841237001955 188 4 
4.773099709337426 189 4 
4.776981717237361 190 4 
4.797605680638786 191 4 
4.811121736192345 192 4 
4.812100859123029 193 4 
4.821054510780207 194 4 
4.824525450195608 195 4 
4.835622471170568 196 4 
4.847926604974587 197 4 
4.859530641746629 198 4 
4.869033231348431 199 4 
4.876043739931059 200 4 
4.876288223110864 201 4 
4.886548379513124 202 4 
4.888017086356472 203 4 
4.8934470768396405 204 4 
4.897579720506856 205 4 
4.902416490218058 206 4 
4.905449969937122 207 4 
4.908236455981354 208 4 
4.935045730898725 209 4 
4.951061239959682 210 4 
4.956419510486898 211 4 
4.9601644020967335 212 4 
4.980113886109 213 4 
4.982040742456969 214 4 
4.984082521668459 215 4 
5.01128115697643 216 4 
5.021766990127128 217 4 
5.022806291375141 218 4 
5.025016573901308 219 4 
5.055840860651611 220 4 
5.076976071813836 221 4 
5.091268377750315 222 4 
5.100374316607302 223 4 
5.121494061576473 224 4 
5.1256332872922545 225 4 
5.140896620799603 226 4 
5.152342214215657 227 4 
5.189503803761843 228 4 
5.190842408357462 229 4 
5.215765862895303 230 4 
5.247915550979278 231 4 
5.270813232833557 232 4 
5.282486413566846 233 4 
5.282937379661713 234 4 
5.289075454586159 235 4 
5.289500049959495 236 4 
5.322618386333898 237 4 
5.327601100490097 238 4 
5.334610960792995 239 4 
5.341873018232775 240 4 
5.364971383759946 241 4 
5.367551157097263 242 4 
5.384724595464821 243 4 
5.3935199308406245 244 4 
5.395759515192452 245 4 
5.4158644397613465 246 4 
5.436043210995651 247 4 
5.452328507364653 248 4 
5.475797604185509 249 4 
5.4774311288791235 250 4 
5.503585559637253 251 4 
5.50566128123948 252 4 
5.507364807106736 253 4 
5.519639738508639 254 4 
5.520111806394701 255 4 
5.524449600405713 256 4 
5.5302220934517505 257 4 
5.540246004943262 258 4 
5.540532117235748 259 4 
5.546081762262962 260 4 
5.547791706039879 261 4 
5.5500358768934275 262 4 
5.551919334792758 263 4 
5.571748628773999 264 4 
5.58064555740923 265 4 
5.588227914553012 266 4 
5.591393545095555 267 4 
5.598889098461065 268 4 
5.59989320416646 269 4 
5.619404933017884 270 4 
5.620195561978496 271 4 
5.62859259178017 272 4 
5.636823301737196 273 4 
5.642323498825289 274 4 
5.643470008465376 275 4 
5.649162971238897 276 4 
5.655116939614049 277 4 
5.675754223521957 278 4 
5.6783346952967015 279 4 
5.678512532706858 280 4 
5.686078820990145 281 4 
5.688564281944774 282 4 
5.696470865209365 283 4 
5.704316338954318 284 4 
5.7198681083475815 285 4 
5.725884735679825 286 4 
5.735857066891023 287 4 
5.743831511662194 288 4 
5.751509994162945 289 4 
5.755543359115832 290 4 
5.765350079448496 291 4 
5.767625426314564 292 4 
5.767934395967162 293 4 
5.769174775203488 294 4 
5.7736092057086275 295 4 
5.780535261341181 296 4 
5.784989605972215 297 4 
5.805730770693751 298 4 
5.815201044654597 299 4 
5.820096792162123 300 4 
5.82252160380116 301 4 
5.837401956486164 302 4 
5.840650822627333 303 4 
5.842382766586997 304 4 
5.848224707362735 305 4 
5.849626463161898 306 4 
5.86540994042304 307 4 
5.876035397172547 308 4 
5.879004743268898 309 4 
5.883515254859699 310 4 
5.886032200501414 311 4 
5.909930776892374 312 4 
5.9284913147337 313 4 
5.928504397557779 314 4 
5.929160611064352 315 4 
5.929544851905947 316 4 
5.942079363169362 317 4 
5.959227053701639 318 4 
5.9616296050172 319 4 
5.963399586476413 320 4 
5.969845468876954 321 4 
5.975141583362082 322 4 
5.9791831560648205 323 4 
5.994808248190303 324 4 
5.995567479032046 325 4 
5.99987549045949 326 4 
6.013435277975493 327 4 
6.020821141517804 328 4 
6.0619979906742065 329 4 
6.063348744347297 330 4 
6.064502392774028 331 4 
6.066186795519181 332 4 
6.068778340401724 333 4 
6.085740568971016 334 4 
6.091159166319963 335 4 
6.096201348173928 336 4 
6.111960751580771 337 4 
6.114117474543146 338 4 
6.119020462491445 339 4 
6.136825473666088 340 4 
6.141873666595138 341 4 
6.150816058839544 342 4 
6.157025895301692 343 4 
6.1580995229330435 344 4 
6.1668096932547485 345 4 
6.1732429383845515 346 4 
6.177998689524536 347 4 
6.178559558368965 348 4 
6.182787928689533 349 4 
6.185172795334697 350 4 
6.201762599514022 351 4 
6.220232732693708 352 4 
6.223966319217446 353 4 
6.224114003245632 354 4 
6.227047559532992 355 4 
6.230576223543738 356 4 
6.236722407237029 357 4 
6.262431338205369 358 4 
6.262528552965438 359 4 
6.263155924087929 360 4 
6.266252892670757 361 4 
6.266608396692004 362 4 
6.269888942403343 363 4 
6.279455722469262 364 4 
6.315094580069004 365 4 
6.318807160928736 366 4 
6.3211158788675945 367 4 
6.329704693231065 368 4 
6.343406692265991 369 4 
6.349139828090346 370 4 
6.34987923791861 371 4 
6.366914228948217 372 4 
6.368474141296358 373 4 
6.371822852003683 374 4 
6.3739065434879185 375 4 
6.3761405726278495 376 4 
6.377911469759131 377 4 
6.392056982273556 378 4 
6.41691398767058 379 4 
6.419521386395498 380 4 
6.42838879585821 381 4 
6.429278761022363 382 4 
6.43137373329726 383 4 
6.432622162948565 384 4 
6.436554604763218 385 4 
6.462420040811728 386 4 
6.46512506999086 387 4 
6.4751886505321 388 4 
6.476557928636763 389 4 
6.478135722202385 390 4 
6.506010921797435 391 4 
6.5062256406524455 392 4 
6.507679039471439 393 4 
6.508943841778876 394 4 
6.529821683085966 395 4 
6.53686646080819 396 4 
6.552963063106986 397 4 
6.565563914183265 398 4 
6.572189419229347 399 4 
6.573438208878753 400 4 
6.591021678310521 401 4 
6.598836555655315 402 4 
6.629753710579037 403 4 
6.644455164831811 404 4 
6.647565036342007 405 4 
6.653256058122841 406 4 
6.658143829365718 407 4 
6.660526527416127 408 4 
6.669528697940477 409 4 
6.674928729259815 410 4 
6.677438231604289 411 4 
6.679298472453552 412 4 
6.680744741914428 413 4 
6.688731016086793 414 4 
6.699514725701368 415 4 
6.709628398688553 416 4 
6.712006222810621 417 4 
6.739903170995957 418 4 
6.758847869090866 419 4 
6.762919376517364 420 4 
6.769251499628366 421 4 
6.781609978010309 422 4 
6.7850610202142905 423 4 
6.7858891195812 424 4 
6.788496962332971 425 4 
6.8009847027794565 426 4 
6.809163400173581 427 4 
6.818447280373472 428 4 
6.824454533214516 429 4 
6.8269002627560385 430 4 
6.841968695026774 431 4 
6.882578217511323 432 4 
6.884538134310399 433 4 
6.899928401215295 434 4 
6.9008275357485225 435 4 
6.901722538886073 436 4 
6.902135440608819 437 4 
6.91138876217079 438 4 
6.928751556669006 439 4 
6.932979340131498 440 4 
6.945592610591368 441 4 
6.946055475859492 442 4 
6.948740991200584 443 4 
6.95522412053011 444 4 
6.956001908284285 445 4 
6.957282360955706 446 4 
6.960690035431332 447 4 
6.961397955702854 448 4 
6.983784462301256 449 4 
6.992681571840375 450 4 
6.997379800320788 451 4 
7.0228250370313186 452 4 
7.074611217223298 453 4 
7.0750604477223895 454 4 
7.076703264099666 455 4 
7.095403389523089 456 4 
7.099061565059395 457 4 
7.100780189900563 458 4 
7.102807782155991 459 4 
7.109898335500119 460 4 
7.112212323179728 461 4 
7.112898924615185 462 4 
7.127025141761826 463 4 
7.136954735939213 464 4 
7.143381557710661 465 4 
7.14860690749405 466 4 
7.1620224739532015 467 4 
7.168058679213969 468 4 
7.173159003841651 469 4 
7.188651768584464 470 4 
7.1911944708490525 471 4 
7.1943658571459865 472 4 
7.197230672867439 473 4 
7.197458229911539 474 4 
7.204906434231351 475 4 
7.205580240868892 476 4 
7.215450959951586 477 4 
7.256532918624541 478 4 
7.3200657156100215 479 4 
7.32451887388603 480 4 
7.3250138837033605 481 4 
7.332377576197836 482 4 
7.333998648986655 483 4 
7.349830025424605 484 4 
7.350604208087301 485 4 
7.377391369759768 486 4 
7.383987509515981 487 4 
7.408541172272067 488 4 
7.414525149942784 489 4 
7.424245569037708 490 4 
7.4245659229188945 491 4 
7.433575535698945 492 4 
7.448135172550431 493 4 
7.461686847867403 494 4 
7.462862402539582 495 4 
7.480153768404031 496 4 
7.488752974271159 497 4 
7.507299436971115 498 4 
7.510762989022244 499 4 
7.51470104865123 500 4 
7.515175169040576 501 4 
7.53186911454541 502 4 
7.534361936031459 503 4 
7.5364529148281765 504 4 
7.548521075947065 505 4 
7.5832694553657864 506 4 
7.583863905266511 507 4 
7.617676112606582 508 4 
7.630697071220768 509 4 
7.64558756018495 510 4 
7.651529836707924 511 4 
7.660601575599194 512 4 
7.673705130545967 513 4 
7.677340609574043 514 4 
7.679885594008906 515 4 
7.686038269270606 516 4 
7.686876890136091 517 4 
7.68752653667975 518 4 
7.709036504781526 519 4 
7.730083177975054 520 4 
7.743750238074444 521 4 
7.75206581464427 522 4 
7.761864266219278 523 4 
7.762597551002316 524 4 
7.783770765485604 525 4 
7.783934120187455 526 4 
7.808755394547053 527 4 
7.816521611568989 528 4 
7.839140455742252 529 4 
7.84706098249808 530 4 
7.853518828369146 531 4 
7.862764645040918 532 4 
7.873966603758329 533 4 
7.8760984872728885 534 4 
7.892900978540619 535 4 
7.924191868169427 536 4 
7.949872520920144 537 4 
7.962060579850386 538 4 
7.976496020912462 539 4 
7.9941829845676695 540 4 
8.001385421830776 541 4 
8.00692436806181 542 4 
8.016583066416855 543 4 
8.024596167192492 544 4 
8.045060385242778 545 4 
8.064310854255789 546 4 
8.127378256955637 547 4 
8.13622472474642 548 4 
8.15422973633454 549 4 
8.18504475779628 550 4 
8.239128672170496 551 4 
8.248649801166053 552 4 
8.272939963397778 553 4 
8.2820997927981 554 4 
8.347495801474627 555 4 
8.416596848625609 556 4 
8.434627258366511 557 4 
8.471699204649582 558 4 
8.476240226294504 559 4 
8.477202912713704 560 4 
8.554658020658175 561 4 
8.556572718611633 562 4 
8.558766445500343 563 4 
8.584257800327004 564 4 
8.594952410611263 565 4 
8.599681917942766 566 4 
8.61812542551741 567 4 
8.682235143927068 568 4 
8.691605465566745 569 4 
8.721618276501696 570 4 
8.742961041987696 571 4 
8.748350388889783 572 4 
8.765742962175626 573 4 
8.799991181152674 574 4 
8.849531337437126 575 4 
8.87549538481083 576 4 
8.902465798680494 577 4 
8.95788145090366 578 4 
8.987370629295455 579 4 
9.014690050707902 580 4 
9.031813051963278 581 4 
9.051363410308792 582 4 
9.058165491335316 583 4 
9.081633929261352 584 4 
9.092348674938927 585 4 
9.094713734816972 586 4 
9.116832616023997 587 4 
9.127195979748711 588 4 
9.137424958176211 589 4 
9.163661606429299 590 4 
9.207048302750536 591 4 
9.22042849264734 592 4 
9.233207811187183 593 4 
9.256009608959218 594 4 
9.25653759834606 595 4 
9.270521738954159 596 4 
9.280150560489291 597 4 
9.293269763381062 598 4 
9.309170120866089 599 4 
9.340110201037646 600 4 
9.36549360356991 601 4 
9.36661109459395 602 4 
9.412805845869608 603 4 
9.420130576576614 604 4 
9.486144681812853 605 4 
9.492754192036347 606 4 
9.493925075953626 607 4 
9.523085185101035 608 4 
9.544418704385116 609 4 
9.56542145984662 610 4 
9.599291073867246 611 4 
9.652199150279875 612 4 
9.665077026185358 613 4 
9.880982535626414 614 4 
9.964213613772493 615 4 
9.98224596814613 616 4 
10.044692881178173 616 4 
