0.0 1 4 
0.03381366871259704 2 4 
0.07236645584374694 3 4 
0.11643477933888388 4 4 
0.1476081322196666 5 4 
0.1492089841282661 6 4 
0.18765482986186646 7 4 
0.3104301444533857 8 4 
0.328652748511821 9 4 
0.37967720696911117 10 4 
0.4488346480546878 11 4 
0.4886025839266797 12 4 
0.5001655031172514 13 4 
0.616331343430631 14 4 
0.651517884447846 14 4 
0.745862921120682 15 4 
0.765816059543442 16 4 
0.7679061908144673 17 4 
0.7790209079388191 18 4 
0.7810990024160378 19 4 
0.940824576130158 20 4 
0.9590160864630282 21 4 
0.9737223548693201 21 4 
0.9979323457832397 22 4 
1.0158552610695948 23 4 
1.0505932640508213 24 4 
1.0573711274856805 25 4 
1.0608032831577425 26 4 
1.080423797718907 27 4 
1.081747206087812 28 4 
1.1949107435674042 29 4 
1.203253094990355 30 4 
1.2376854889244482 31 4 
1.2505190175071117 32 4 
1.2638011010159202 33 4 
1.285806276400716 34 4 
1.2954455388623196 35 4 
1.3260366651246251 36 4 
1.335028499502658 37 4 
1.3859849432886415 38 4 
1.4601211296671552 39 4 
1.4635982753075605 40 4 
1.6121910240227473 41 4 
1.6187469577030278 42 4 
1.6727472840333386 43 4 
1.700562497431114 44 4 
1.703121656513376 45 4 
1.7600825893161984 46 4 
1.8071491301932983 47 4 
1.8125072089183059 48 4 
1.8251665155448962 49 4 
1.830862186553153 50 4 
1.8989746404561016 51 4 
1.9093944353123973 52 4 
1.9357210949308579 53 4 
1.9439929283568367 54 4 
1.9499172555736706 55 4 
1.9570007067790927 56 4 
1.9716786388800231 57 4 
2.0187587009812376 58 4 
2.0481012755831625 59 4 
2.0798839959787725 60 4 
2.108956942142642 61 4 
2.1135997142981005 62 4 
2.122598836483545 63 4 
2.1235462835041408 64 4 
2.1553195369390052 65 4 
2.1870439358526776 66 4 
2.2094841207180895 67 4 
2.229314887779618 68 4 
2.2524256324263394 69 4 
2.2635310230393526 70 4 
2.2786230579505404 71 4 
2.2803136301864373 72 4 
2.28383345696472 73 4 
2.2940748763292964 74 4 
2.303828447582507 75 4 
2.309951593860011 76 4 
2.3186523640064793 77 4 
2.3381733713833435 78 4 
2.339470171938688 79 4 
2.34893243789566 80 4 
2.360131566578643 81 4 
2.4853249068191965 82 4 
2.5222752842754868 83 4 
2.5340391868797254 84 4 
2.545711348898127 85 4 
2.552176716673558 86 4 
2.5622778295197746 87 4 
2.56888114959027 88 4 
2.570876741230291 89 4 
2.5948145891866683 90 4 
2.5995292084974517 91 4 
2.615507369508203 92 4 
2.647564037136739 93 4 
2.664693471798961 94 4 
2.6887284854925326 95 4 
2.7356668965853794 96 4 
2.7454980669550233 97 4 
2.754009867230491 98 4 
2.7548955600730998 99 4 
2.7831348421717657 100 4 
2.8009540576467806 101 4 
2.87986518809082 102 4 
2.9040429452953833 103 4 
2.9050801759625813 104 4 
2.9219820295228183 105 4 
2.927867841519897 106 4 
2.934714022836042 107 4 
2.9348559279485413 108 4 
2.9349277114588133 109 4 
2.936455577768701 110 4 
2.9517859633658396 111 4 
2.962832785783954 112 4 
2.96650923309889 113 4 
2.9787301773178694 114 4 
3.014112246035404 115 4 
3.0152284096527637 116 4 
3.0204223743259835 117 4 
3.0289395288400534 118 4 
3.0440603220535536 119 4 
3.046808037534281 120 4 
3.051604230850541 121 4 
3.0789265949261297 122 4 
3.0842074373060995 123 4 
3.0957359256926082 124 4 
3.097511082461511 125 4 
3.0975823024331115 126 4 
3.110089194890626 127 4 
3.111200834762406 128 4 
3.121267676754247 129 4 
3.12510399073724 130 4 
3.1298982403325484 131 4 
3.1387800342704013 132 4 
3.145365708462592 133 4 
3.1529274463196124 134 4 
3.188111832394318 135 4 
3.1938041728758364 136 4 
3.215284024862973 137 4 
3.234323364601776 138 4 
3.236083307447055 139 4 
3.2385491546154137 140 4 
3.277514809037829 141 4 
3.2839944782108534 142 4 
3.349882774462233 143 4 
3.367747652790647 144 4 
3.373835122106312 145 4 
3.375359856619909 146 4 
3.3920573510312257 147 4 
3.403139623310315 148 4 
3.4147712208858567 149 4 
3.4549777936694173 150 4 
3.4630434935697547 151 4 
3.4647228055977504 152 4 
3.4851768338600184 153 4 
3.493510616026475 154 4 
3.500305201366898 155 4 
3.528991391818434 156 4 
3.5408633499679394 157 4 
3.551475088211787 158 4 
3.5595249202000123 159 4 
3.5749109734681896 160 4 
3.5847530038367883 161 4 
3.5920806999050847 162 4 
3.5923672766856534 163 4 
3.667903157509254 164 4 
3.6766570439077793 165 4 
3.6842420046743825 166 4 
3.691994280832859 167 4 
3.695210841524621 168 4 
3.7007861418934804 169 4 
3.705886513898937 170 4 
3.711302340392406 171 4 
3.7187430626723588 172 4 
3.7232053546250197 173 4 
3.7299845559770413 174 4 
3.743143708018674 175 4 
3.7565385203347175 176 4 
3.7898305939464194 177 4 
3.8010152650294713 178 4 
3.801536739509571 179 4 
3.8298861047715227 180 4 
3.835266216670513 181 4 
3.837420430760842 182 4 
3.8758230556301134 183 4 
3.879461181402226 184 4 
3.896690489193653 185 4 
3.8998853641054905 186 4 
3.9168459654083856 187 4 
3.9182661277810586 188 4 
3.9226115906928767 189 4 
3.944177486228269 190 4 
3.9620755067777798 191 4 
3.9753841870994493 192 4 
3.9795898075081904 193 4 
3.9944402990190695 194 4 
3.9945606472454034 195 4 
4.018384898956368 196 4 
4.047991208500737 197 4 
4.054177649642106 198 4 
4.06425977332072 199 4 
4.075882665050205 200 4 
4.131611012818242 201 4 
4.134817585492628 202 4 
4.149720306015336 203 4 
4.16309174455183 204 4 
4.173477359193526 205 4 
4.176459978737986 206 4 
4.179380149368802 207 4 
4.179956627757471 208 4 
4.190141213536022 209 4 
4.19116738056634 210 4 
4.21974662715096 211 4 
4.242893191490401 212 4 
4.244864733534328 213 4 
4.256644092807489 214 4 
4.256962615062899 215 4 
4.266746215544425 216 4 
4.287632153843183 217 4 
4.30414552564279 218 4 
4.31196508811224 219 4 
4.352334229666017 220 4 
4.3562357769848905 221 4 
4.357019900371035 222 4 
4.377294640211301 223 4 
4.378312553849531 224 4 
4.379392372176349 225 4 
4.3828226869425615 226 4 
4.383200612063956 227 4 
4.385324757534277 228 4 
4.387816622929687 229 4 
4.394186472944512 230 4 
4.411913100740783 231 4 
4.4248815665951495 232 4 
4.4249393445789 233 4 
4.4347935340841955 234 4 
4.440193900729244 235 4 
4.442134260412095 236 4 
4.452423079573566 237 4 
4.466527085379369 238 4 
4.47980240047942 239 4 
4.485810821231756 240 4 
4.503115633867331 241 4 
4.5203031812905135 242 4 
4.543061111713487 243 4 
4.5441767959040975 244 4 
4.551118081167028 245 4 
4.560451319452083 246 4 
4.5665345810043405 247 4 
4.570815811124237 248 4 
4.575979644098968 249 4 
4.582165697845628 250 4 
4.58230388824774 251 4 
4.599423402532116 252 4 
4.624416874183688 253 4 
4.646439610354331 254 4 
4.647030903361597 255 4 
4.660615664227955 256 4 
4.6709883390570095 257 4 
4.671991694549976 258 4 
4.6764816298242495 259 4 
4.681683101557342 260 4 
4.687468710624803 261 4 
4.705306054248734 262 4 
4.716936015410048 263 4 
4.728247606128736 264 4 
4.756786340525841 265 4 
4.765429710860382 266 4 
4.779477925957346 267 4 
4.792050449154366 268 4 
4.828101529678634 269 4 
4.836309025089942 270 4 
4.840271385104644 271 4 
4.840412886689321 272 4 
4.8405184050110055 273 4 
4.843672843065169 274 4 
4.845359842348253 275 4 
4.8531217802600635 276 4 
4.8783243252240105 277 4 
4.88500058539153 278 4 
4.886524365477396 279 4 
4.899216107572898 280 4 
4.906972237793256 281 4 
4.935885938061304 282 4 
4.951397525512644 283 4 
4.957280847254642 284 4 
4.976056347793422 285 4 
4.977511409520765 286 4 
5.010396681007485 287 4 
5.011346093898555 288 4 
5.018348598623049 289 4 
5.0368127588792255 290 4 
5.040128479337359 291 4 
5.047303088751379 292 4 
5.054653831386901 293 4 
5.065215493787278 294 4 
5.067114185634335 295 4 
5.086790122395711 296 4 
5.088039661304269 297 4 
5.090733096245576 298 4 
5.106722639630393 299 4 
5.118044445836687 300 4 
5.124309410497784 301 4 
5.1246799718520135 302 4 
5.138390432732663 303 4 
5.1448660600485745 304 4 
5.14783667019714 305 4 
5.1493348814747835 306 4 
5.152167897421609 307 4 
5.164994437998224 308 4 
5.175312032330646 309 4 
5.180626195688134 310 4 
5.198928524952913 311 4 
5.202148223698862 312 4 
5.203706141187104 313 4 
5.21159314110295 314 4 
5.218979689455873 315 4 
5.222953695982755 316 4 
5.224005039296255 317 4 
5.224409797363247 318 4 
5.226831821706076 319 4 
5.231052174907262 320 4 
5.2474658556596605 321 4 
5.249396477355607 322 4 
5.268790175103244 323 4 
5.272248590545537 324 4 
5.273760396363846 325 4 
5.278348502080863 326 4 
5.283958107277564 327 4 
5.284712296016712 328 4 
5.287208421744834 329 4 
5.287363121939062 330 4 
5.2881677661014095 331 4 
5.29068714185917 332 4 
5.292173827929245 333 4 
5.297808378886949 334 4 
5.300557727982865 335 4 
5.310888548242847 336 4 
5.312086993925571 337 4 
5.322793490947568 338 4 
5.343602573715737 339 4 
5.34566896618596 340 4 
5.353512845788038 341 4 
5.3578080486819255 342 4 
5.376518967657849 343 4 
5.3766442611014424 344 4 
5.378787178760098 345 4 
5.384709916060081 346 4 
5.393650753724658 347 4 
5.405340986885318 348 4 
5.409180110270085 349 4 
5.411704393640359 350 4 
5.412888427163711 351 4 
5.425381884942903 352 4 
5.438521309948924 353 4 
5.4481778657769 354 4 
5.452984599698503 355 4 
5.4554305544968456 356 4 
5.480460197976785 357 4 
5.488338851726235 358 4 
5.494365009725773 359 4 
5.497644937167556 360 4 
5.498036605554635 361 4 
5.501402429204711 362 4 
5.515316925431873 363 4 
5.516943090988853 364 4 
5.520271392668054 365 4 
5.522858642973465 366 4 
5.533581128795384 367 4 
5.534858118279274 368 4 
5.547704744124247 369 4 
5.557277343896965 370 4 
5.558858319535138 371 4 
5.579376759920688 372 4 
5.581448487744928 373 4 
5.5978515450023 374 4 
5.601564833812923 375 4 
5.602456931369805 376 4 
5.608063825490532 377 4 
5.612947423983699 378 4 
5.619600209772718 379 4 
5.628160409652726 380 4 
5.63865843934151 381 4 
5.639007218142029 382 4 
5.680489673756192 383 4 
5.683532180549545 384 4 
5.685320767873748 385 4 
5.724629161329119 386 4 
5.725695376484762 387 4 
5.732662927836762 388 4 
5.73621263153888 389 4 
5.737633278068132 390 4 
5.742128723460689 391 4 
5.74412913962837 392 4 
5.753144386576444 393 4 
5.754371506200648 394 4 
5.770417542384165 395 4 
5.772060428828656 396 4 
5.779234706410747 397 4 
5.789085302171904 398 4 
5.7961262872614725 399 4 
5.799692344026617 400 4 
5.8005110090196625 401 4 
5.8039388217395285 402 4 
5.807655319832002 403 4 
5.826790863473603 404 4 
5.836507886441976 405 4 
5.839789235543105 406 4 
5.841277511179926 407 4 
5.845915770628356 408 4 
5.8471491358901 409 4 
5.8485059795775935 410 4 
5.855290463020833 411 4 
5.855434162946572 412 4 
5.856933392365261 413 4 
5.858716609366468 414 4 
5.883676017612381 415 4 
5.884776422554752 416 4 
5.886033203925563 417 4 
5.899000054758281 418 4 
5.904584145096143 419 4 
5.911721980732936 420 4 
5.913862330179712 421 4 
5.917411624243564 422 4 
5.9213364004788644 423 4 
5.942106749206861 424 4 
5.950777369150693 425 4 
5.9605785960018896 426 4 
5.962671822166046 427 4 
5.9627653344979175 428 4 
5.966013254151959 429 4 
5.971395965002555 430 4 
5.975307227341259 431 4 
5.976459192029685 432 4 
5.99113466248501 433 4 
6.002390107965986 434 4 
6.010190106957259 435 4 
6.012242317458232 436 4 
6.017193158552316 437 4 
6.020008878325272 438 4 
6.023329466342682 439 4 
6.030246267729546 440 4 
6.03254646549444 441 4 
6.035194375125603 442 4 
6.040471696796766 443 4 
6.0508769315286015 444 4 
6.0528929966543705 445 4 
6.05652263935829 446 4 
6.062410442139807 447 4 
6.067242132345948 448 4 
6.074291198819643 449 4 
6.076457998742147 450 4 
6.079551638193633 451 4 
6.0858177442891845 452 4 
6.088336202775209 453 4 
6.089044880745296 454 4 
6.089187039829115 455 4 
6.091573874566518 456 4 
6.093170187752994 457 4 
6.1133807615968925 458 4 
6.119728678751362 459 4 
6.123166202153483 460 4 
6.124660599175537 461 4 
6.129345570988822 462 4 
6.131712155492287 463 4 
6.134525783718116 464 4 
6.141682185057692 465 4 
6.152572960516892 466 4 
6.156337339487673 467 4 
6.180006236701811 468 4 
6.1853698635342 469 4 
6.187083042631794 470 4 
6.197869075882829 471 4 
6.207154092947251 472 4 
6.213024115955133 473 4 
6.220880447281699 474 4 
6.221147532398586 475 4 
6.2503639951708365 476 4 
6.258014501469517 477 4 
6.25805145758539 478 4 
6.260162943104733 479 4 
6.280681123632672 480 4 
6.281151162258914 481 4 
6.290119768453953 482 4 
6.311508471674891 483 4 
6.33446768656189 484 4 
6.347736213647672 485 4 
6.35919446949749 486 4 
6.393695776372358 487 4 
6.409477048372502 488 4 
6.421195755026805 489 4 
6.422920435583879 490 4 
6.437293529938884 491 4 
6.438787917652151 492 4 
6.449060281617531 493 4 
6.464030219094172 494 4 
6.471522485480794 495 4 
6.471653359220328 496 4 
6.523154863445195 497 4 
6.545939861490488 498 4 
6.569073767314159 499 4 
6.572368837966996 500 4 
6.573629306717689 501 4 
6.583556075510501 502 4 
6.590387592012213 503 4 
6.601556574466114 504 4 
6.612448387126119 505 4 
6.612658330034265 506 4 
6.6196505957725 507 4 
6.6437623718011105 508 4 
6.654673604371694 509 4 
6.660062055934305 510 4 
6.692919136254023 511 4 
6.696214556333156 512 4 
6.722886281412524 513 4 
6.742906275966587 514 4 
6.761528302158319 515 4 
6.765246667532643 516 4 
6.766717426942096 517 4 
6.772621815826646 518 4 
6.78601587056926 519 4 
6.786781596709434 520 4 
6.805586679338157 521 4 
6.816408239694709 522 4 
6.835841582534281 523 4 
6.844659923615557 524 4 
6.892992773686313 525 4 
6.897581666576132 526 4 
6.908039740934905 527 4 
6.93221802024843 528 4 
6.948337513762742 529 4 
6.949234705856447 530 4 
6.952839998568558 531 4 
6.97681884824997 532 4 
6.993191434910781 533 4 
7.0044922100233515 534 4 
7.004663136025881 535 4 
7.01678465595451 536 4 
7.023207130102101 537 4 
7.039129188014904 538 4 
7.046704162058047 539 4 
7.048464470913909 540 4 
7.050392315196228 541 4 
7.089051283083411 542 4 
7.117281924510356 543 4 
7.138924571964572 544 4 
7.14412977519918 545 4 
7.146355919161535 546 4 
7.154303911015863 547 4 
7.166367984242508 548 4 
7.173051074862439 549 4 
7.174586550261063 550 4 
7.209189923614875 551 4 
7.21508411537681 552 4 
7.222415239744692 553 4 
7.225460570824276 554 4 
7.257400197011141 555 4 
7.3073478749035905 556 4 
7.311909743860161 557 4 
7.315930864616381 558 4 
7.315977893721909 559 4 
7.34599930791674 560 4 
7.370191777234501 561 4 
7.405018684409919 562 4 
7.412076350423254 563 4 
7.4223873268074705 564 4 
7.424485922264424 565 4 
7.428964289064162 566 4 
7.429075147500419 567 4 
7.434819503851758 568 4 
7.445253385484095 569 4 
7.447806809993 570 4 
7.4504059812048515 571 4 
7.4627359425600766 572 4 
7.47878792633641 573 4 
7.481263598455358 574 4 
7.516941643684824 575 4 
7.524599882817311 576 4 
7.541293623115748 577 4 
7.554182339916545 578 4 
7.57348979101521 579 4 
7.579159377678391 580 4 
7.581027076703744 581 4 
7.596181999057332 582 4 
7.600516972224097 583 4 
7.6057150217363025 584 4 
7.6382513018954175 585 4 
7.671335926608044 586 4 
7.687567775731321 587 4 
7.698215732271726 588 4 
7.715518928465203 589 4 
7.733210544131431 590 4 
7.7455080432738646 591 4 
7.766495120458711 592 4 
7.774811904302314 593 4 
7.7851533797959505 594 4 
7.788859539428287 595 4 
7.809412644544985 596 4 
7.815500423047402 597 4 
7.823717219802482 598 4 
7.839200361257622 599 4 
7.891616320359429 600 4 
7.944308192804041 601 4 
7.956866370634296 602 4 
7.968301873484006 603 4 
7.998244788462416 604 4 
8.013724599809219 605 4 
8.051315845406712 606 4 
8.059022275996792 607 4 
8.079269892044925 608 4 
8.083829731121718 609 4 
8.126218097023271 610 4 
8.14257259982479 611 4 
8.14970636448709 612 4 
8.175994190275999 613 4 
8.220812420081401 614 4 
8.265922306851682 615 4 
8.282654796289052 615 4 
8.394509168355876 616 4 
8.417316206447 617 4 
8.561995667965329 618 4 
8.596166577295353 619 4 
8.611097682239219 620 4 
8.63173826969755 621 4 
10.111000228618167 621 4 
