0.0 1 4 
0.4603259570297979 2 4 
0.5725701930095832 3 4 
0.6260258376047362 4 4 
0.6281200684252543 5 4 
0.6304055699517797 6 4 
0.6605757380180883 7 4 
0.7723687833906905 8 4 
0.8271467642444535 9 4 
0.8877355149862048 10 4 
0.9078963598137978 10 4 
1.01857069843638 11 4 
1.1000641080341682 12 4 
1.101207548906145 13 4 
1.1715684428318576 14 4 
1.3309214169019008 15 4 
1.347144823491658 16 4 
1.3799824132512357 17 4 
1.4289108239864736 18 4 
1.483810837743771 19 4 
1.521430441432665 20 4 
1.6050576254040625 21 4 
1.6077483528991963 22 4 
1.6104724925629643 23 4 
1.6446818540807948 24 4 
1.6488904340106092 25 4 
1.8019009421541967 26 4 
1.8363224843740638 27 4 
1.8810800625809552 28 4 
1.9234525302703767 29 4 
1.9372305194237622 30 4 
1.9612986247155952 31 4 
1.9951650087308366 32 4 
2.0355651788169578 33 4 
2.0359152937716543 34 4 
2.0784059082939663 35 4 
2.127976466868138 36 4 
2.151430742669959 37 4 
2.184271244163919 38 4 
2.258352298785133 39 4 
2.3110038540266022 40 4 
2.320816355452153 41 4 
2.3641834851652597 42 4 
2.365107613643287 43 4 
2.3714113798813425 44 4 
2.371501093955147 45 4 
2.3768029305661558 46 4 
2.379732642262601 47 4 
2.3875082160927925 48 4 
2.442949144245626 49 4 
2.474649639290299 50 4 
2.510461231393564 51 4 
2.530385799325029 52 4 
2.5723730324564866 53 4 
2.600735957796449 54 4 
2.60814100647918 55 4 
2.6574590257641892 56 4 
2.6653123868461384 57 4 
2.690958103361291 58 4 
2.7008950496165496 59 4 
2.73369502321139 60 4 
2.73796777758703 61 4 
2.7526139783148302 62 4 
2.7595904556542115 63 4 
2.8020132582847865 64 4 
2.8230028425789087 65 4 
2.828881032231117 66 4 
2.847927025705502 67 4 
2.876299618805684 68 4 
2.889430750891151 69 4 
2.9094276566706188 70 4 
2.930173366157822 71 4 
2.965155284427052 72 4 
2.9807576318902727 73 4 
3.03394801703821 74 4 
3.0702306749607087 75 4 
3.0737786197597834 76 4 
3.111606691619729 77 4 
3.118812298595218 78 4 
3.1203196534327007 79 4 
3.1571488160293115 80 4 
3.1851679318408546 81 4 
3.21226919189132 82 4 
3.213395534304926 83 4 
3.2180180282830984 84 4 
3.2354770736783394 85 4 
3.2400952917314987 86 4 
3.2472769148840155 87 4 
3.2497059139676834 88 4 
3.250806149466111 89 4 
3.284364891546483 90 4 
3.2914101139102385 91 4 
3.302202468314117 92 4 
3.32837799364311 93 4 
3.3329183347632094 94 4 
3.336579392769785 95 4 
3.3424628589727314 96 4 
3.352871961342076 97 4 
3.384686777323979 98 4 
3.4368390003977827 99 4 
3.4482594890207117 100 4 
3.448310631605687 101 4 
3.465046713610565 102 4 
3.4689396386439495 103 4 
3.4958194381235073 104 4 
3.510201202727467 105 4 
3.5450034549680534 106 4 
3.5461144735332537 107 4 
3.5612691990571217 108 4 
3.5641200175951395 109 4 
3.5860383024357607 110 4 
3.5988356535600077 111 4 
3.6154812387522846 112 4 
3.624228226089375 113 4 
3.6314415057554994 114 4 
3.6371913390119133 115 4 
3.647510655355138 116 4 
3.6509474913572904 117 4 
3.6602807492395493 118 4 
3.66832944802484 119 4 
3.669635073146046 120 4 
3.670532853833428 121 4 
3.7394054675065544 122 4 
3.754442160528932 123 4 
3.805720233806024 124 4 
3.8244003462335354 125 4 
3.841167664707009 126 4 
3.84575077886633 127 4 
3.8576160951308647 128 4 
3.8748909417725264 129 4 
3.886691431813441 130 4 
3.887128245914358 131 4 
3.8944919389007375 132 4 
3.951011361677035 133 4 
3.9884767561472407 134 4 
4.0077996703895 135 4 
4.020904827487888 136 4 
4.032488433456303 137 4 
4.051108525933862 138 4 
4.066465539232421 139 4 
4.090326789367578 140 4 
4.090426839425718 141 4 
4.090893242198739 142 4 
4.092955427540161 143 4 
4.12234589117338 144 4 
4.127650180462151 145 4 
4.143005621421554 146 4 
4.143453620921294 147 4 
4.143654571566128 148 4 
4.167566533702781 149 4 
4.17609434258348 150 4 
4.198591078005064 151 4 
4.198958206444383 152 4 
4.209660102949404 153 4 
4.237321447275246 154 4 
4.238424257544346 155 4 
4.242251775536485 156 4 
4.249633958127149 157 4 
4.257057814524222 158 4 
4.2630887375495785 159 4 
4.284156037555795 160 4 
4.297698213894723 161 4 
4.302905207623131 162 4 
4.325642669087726 163 4 
4.328254767476008 164 4 
4.342157455490105 165 4 
4.344284279653803 166 4 
4.344648589474863 167 4 
4.3526514599662285 168 4 
4.377447754170199 169 4 
4.38635569228748 170 4 
4.4101514894861875 171 4 
4.448835931092098 172 4 
4.461027401625932 173 4 
4.46825575297966 174 4 
4.47065997082158 175 4 
4.471487249227814 176 4 
4.485550508027177 177 4 
4.502273676768589 178 4 
4.510633121085417 179 4 
4.528221899986928 180 4 
4.53113726733147 181 4 
4.546945472640539 182 4 
4.567317383707235 183 4 
4.58371442953018 184 4 
4.5879730120497175 185 4 
4.5901795730882595 186 4 
4.600056140543927 187 4 
4.636247498513428 188 4 
4.647709331338244 189 4 
4.664143504541813 190 4 
4.665009483266572 191 4 
4.680164543997076 192 4 
4.688634396578232 193 4 
4.696865706295641 194 4 
4.698614946906109 195 4 
4.70632659233868 196 4 
4.714386323671989 197 4 
4.715815848532913 198 4 
4.731924289192534 199 4 
4.73804831923545 200 4 
4.739158019912349 201 4 
4.746532906833045 202 4 
4.750515291770417 203 4 
4.758864860518654 204 4 
4.765967185231526 205 4 
4.788974739920236 206 4 
4.790995394246656 207 4 
4.797460602090601 208 4 
4.802117368135455 209 4 
4.808422748234748 210 4 
4.811518294368387 211 4 
4.812463410934034 212 4 
4.822026697429339 213 4 
4.822217630373898 214 4 
4.8236717051137425 215 4 
4.823953492845618 216 4 
4.832345783991438 217 4 
4.863666837445182 218 4 
4.867435059152014 219 4 
4.877281709869983 220 4 
4.885786727852654 221 4 
4.8920428734612855 222 4 
4.902244675755986 223 4 
4.917332249127877 224 4 
4.925451369471057 225 4 
4.9439693509754035 226 4 
4.948852310038857 227 4 
4.968801330206278 228 4 
4.971700376908873 229 4 
4.976551129550819 230 4 
4.992707566030444 231 4 
4.993965744015879 232 4 
4.9975578383849175 233 4 
4.997835899277432 234 4 
5.023329555157019 235 4 
5.032940672901437 236 4 
5.0353537882704975 237 4 
5.036103273764444 238 4 
5.055413152756294 239 4 
5.058547666864805 240 4 
5.0589604564183945 241 4 
5.068771646481563 242 4 
5.081049934386954 243 4 
5.090387771826219 244 4 
5.104186858343022 245 4 
5.109038927931494 246 4 
5.113304961257387 247 4 
5.140570254969653 248 4 
5.143104906783392 249 4 
5.144135671643233 250 4 
5.153452369391171 251 4 
5.161010657975457 252 4 
5.173047080007404 253 4 
5.174316781717361 254 4 
5.179514539044406 255 4 
5.180746797259002 256 4 
5.196433953657883 257 4 
5.202407117145125 258 4 
5.225536467706661 259 4 
5.233004240752408 260 4 
5.245435463689124 261 4 
5.255417300382077 262 4 
5.255601799520239 263 4 
5.29214899343754 264 4 
5.292399674297561 265 4 
5.302792500391073 266 4 
5.307107906062914 267 4 
5.314555617739198 268 4 
5.320622991100947 269 4 
5.32185411521712 270 4 
5.322384464042271 271 4 
5.32570531159841 272 4 
5.326045981331774 273 4 
5.328181859480087 274 4 
5.334163486314912 275 4 
5.338570985624249 275 4 
5.341015230781799 276 4 
5.359048096174185 277 4 
5.384454456792355 278 4 
5.397663660270331 279 4 
5.398443844640231 280 4 
5.402248875150579 281 4 
5.403544271509466 282 4 
5.406860199525427 283 4 
5.412290788667598 284 4 
5.414220213129323 285 4 
5.433446630916789 286 4 
5.449008060391067 287 4 
5.465653571043964 288 4 
5.469071270557764 289 4 
5.470402807285524 290 4 
5.470968558783269 291 4 
5.48234697090902 292 4 
5.492218708074845 293 4 
5.494326676436794 294 4 
5.498579653251878 295 4 
5.501507870478719 296 4 
5.5084978223421395 297 4 
5.518006038743339 298 4 
5.5197531652013 299 4 
5.529050729281702 300 4 
5.536287073503011 301 4 
5.536494820808438 302 4 
5.540266318394689 303 4 
5.567318423995681 304 4 
5.569302075929022 305 4 
5.576454150690871 306 4 
5.579109526186367 307 4 
5.5807869791570175 308 4 
5.59697779739593 309 4 
5.601328333197271 310 4 
5.609814149442984 311 4 
5.6162292304645876 312 4 
5.619834439176773 313 4 
5.69231628264638 314 4 
5.693374946240029 315 4 
5.699793809573942 316 4 
5.700508748183605 317 4 
5.703665907688946 318 4 
5.703988799799783 319 4 
5.7057311345702955 320 4 
5.730624003155163 321 4 
5.734497532019273 322 4 
5.748523504279857 323 4 
5.751019516039746 324 4 
5.756472400057459 325 4 
5.7759449274309045 326 4 
5.791550278691599 327 4 
5.804656790434454 328 4 
5.807328568921653 329 4 
5.865319982511712 330 4 
5.866534241333882 331 4 
5.871215445188451 332 4 
5.877707372541566 333 4 
5.880457858930159 334 4 
5.884196078893393 335 4 
5.8861701617901305 336 4 
5.886316846773533 337 4 
5.888459292195278 338 4 
5.892825172868329 339 4 
5.911017652826353 340 4 
5.919238668098402 341 4 
5.920820443898807 342 4 
5.931266152968548 343 4 
5.93397707194587 343 4 
5.946402011874795 344 4 
5.955888742052753 345 4 
5.973063856106096 346 4 
5.985213993924063 347 4 
5.9871248031983475 348 4 
5.9936740781238695 349 4 
6.007769988048338 350 4 
6.031679595827797 351 4 
6.040085112227514 352 4 
6.043153930973263 353 4 
6.050095772421371 354 4 
6.051992382148504 355 4 
6.055025308820478 356 4 
6.061302668835768 357 4 
6.072498961752171 358 4 
6.073526808601593 359 4 
6.088327717259187 360 4 
6.099806241530268 361 4 
6.1079325156478586 362 4 
6.109493876303775 363 4 
6.116372268820038 364 4 
6.117955869319591 365 4 
6.120272253679179 366 4 
6.126216075216262 367 4 
6.1282536646403285 368 4 
6.13079639350716 369 4 
6.132360929526626 370 4 
6.1358737089116255 371 4 
6.139116052068793 372 4 
6.139758748112482 373 4 
6.14345959953027 374 4 
6.154038243309743 375 4 
6.158967345196971 376 4 
6.167269028181601 377 4 
6.170294623664621 378 4 
6.177822871180702 379 4 
6.179360097715236 380 4 
6.184744157885835 381 4 
6.191088405451701 382 4 
6.195358245494382 383 4 
6.206747356935162 384 4 
6.216944598971841 385 4 
6.2211290247852 386 4 
6.222026613412941 387 4 
6.2477540542825825 388 4 
6.252565893825873 389 4 
6.271986555927547 390 4 
6.275887229978329 391 4 
6.276986222653611 392 4 
6.2978125507489855 393 4 
6.345750021932459 394 4 
6.354543750833834 395 4 
6.355157474308174 396 4 
6.357922999324689 397 4 
6.359966164453278 398 4 
6.37172196199147 399 4 
6.372351000569409 400 4 
6.372773760481781 401 4 
6.375361658417863 402 4 
6.375442389461688 403 4 
6.3761628494701075 404 4 
6.394080064669134 405 4 
6.395914456512584 406 4 
6.408208841218699 407 4 
6.412830501448812 408 4 
6.4227732228178525 409 4 
6.423661313288252 410 4 
6.436187440213553 411 4 
6.4477600242879545 412 4 
6.459621549462388 413 4 
6.486357484605771 414 4 
6.504167285568261 415 4 
6.51056757840305 416 4 
6.511156845522263 417 4 
6.525322957916821 418 4 
6.530537558923584 419 4 
6.536516087274123 420 4 
6.538728452391135 421 4 
6.540810894548013 422 4 
6.541969552049638 423 4 
6.548680144672463 424 4 
6.568799272923085 425 4 
6.569391641634518 426 4 
6.6052546858779015 427 4 
6.639575727219251 428 4 
6.642531723195634 429 4 
6.655084126993181 430 4 
6.657851800326145 431 4 
6.658924388048275 432 4 
6.664778229045399 433 4 
6.664854772341728 434 4 
6.684591722656123 435 4 
6.704735383477246 436 4 
6.706026749815739 437 4 
6.706906865267153 438 4 
6.709334074284756 439 4 
6.710291473700009 440 4 
6.721511399342444 441 4 
6.729233268262619 442 4 
6.738536525526991 443 4 
6.740115991481655 444 4 
6.7414140041923805 445 4 
6.752425255533673 446 4 
6.762287436765052 447 4 
6.765633516004435 448 4 
6.774613016433128 449 4 
6.783110694819671 450 4 
6.79247139147948 451 4 
6.829906190677143 452 4 
6.832331450459571 453 4 
6.833221870535126 454 4 
6.836708435717407 455 4 
6.845565428906462 456 4 
6.853321421570428 457 4 
6.853532653536976 458 4 
6.856879469682618 459 4 
6.859452909612769 460 4 
6.862943390503242 461 4 
6.883220707078768 462 4 
6.89074046981451 463 4 
6.900272735788754 464 4 
6.905821050628819 465 4 
6.92558883320159 466 4 
6.950584608824172 467 4 
6.952076533118409 468 4 
6.956480086279579 469 4 
6.9602821565495985 470 4 
6.966376804086192 471 4 
6.9669913184684855 472 4 
6.970125056546096 473 4 
6.979941571901771 474 4 
6.982226383477217 475 4 
6.997884811064986 476 4 
6.999934949327054 477 4 
7.005917675496608 478 4 
7.0109279454073175 479 4 
7.018680274923831 480 4 
7.0191609046626375 481 4 
7.024627426176499 482 4 
7.027728083718856 483 4 
7.037624110150322 484 4 
7.043596116221248 485 4 
7.047060840924334 486 4 
7.057179261943867 487 4 
7.068943599652384 488 4 
7.088665245473347 489 4 
7.088784338412387 490 4 
7.095267024693675 491 4 
7.112639818206392 492 4 
7.12150424098014 493 4 
7.141653598440046 494 4 
7.180362426244814 495 4 
7.1926984061205355 496 4 
7.199373666511519 497 4 
7.20416348320143 498 4 
7.222506630379091 499 4 
7.225236936082029 500 4 
7.22608793708394 501 4 
7.243702115187436 502 4 
7.244643835732825 503 4 
7.252037146847478 504 4 
7.252377694944098 505 4 
7.273115386504102 506 4 
7.274906445866679 507 4 
7.289871228284656 508 4 
7.2903289816796075 509 4 
7.290556167959123 510 4 
7.290980248201348 511 4 
7.291276195415985 512 4 
7.306851990923766 513 4 
7.3114522480589414 514 4 
7.323362076377008 515 4 
7.343901511239495 516 4 
7.369643245135203 517 4 
7.373038641386188 518 4 
7.380738814178282 519 4 
7.381438881700636 520 4 
7.381641154185982 521 4 
7.387132768974442 522 4 
7.414274910707608 523 4 
7.425096762189536 524 4 
7.427659677450715 525 4 
7.442432264619868 526 4 
7.443848088582652 527 4 
7.4450264288543995 528 4 
7.445497176816239 529 4 
7.454773954258093 530 4 
7.457334053650845 531 4 
7.457793109860822 532 4 
7.503132609458803 533 4 
7.503727264551202 534 4 
7.508121073149633 535 4 
7.513823333230132 536 4 
7.523045146315447 537 4 
7.526885019089583 538 4 
7.579632974405612 539 4 
7.592103450164175 540 4 
7.608774842044644 541 4 
7.636635782492653 542 4 
7.651834516516125 543 4 
7.670426950231979 544 4 
7.683726545465538 545 4 
7.68982099068846 546 4 
7.729548617430066 547 4 
7.74640988577632 548 4 
7.75074939990856 549 4 
7.7517998952354406 550 4 
7.752243692807826 551 4 
7.755197561354137 552 4 
7.763209288335969 553 4 
7.793720063787261 554 4 
7.800175843551841 555 4 
7.818754384248359 556 4 
7.826647334944347 557 4 
7.829247208218941 558 4 
7.843014935940958 558 4 
7.851207574075352 559 4 
7.867376006606464 560 4 
7.8716286220932945 561 4 
7.892017784641763 562 4 
7.911085342386975 563 4 
7.941741593923995 564 4 
7.943607872310576 565 4 
7.9862779904967445 566 4 
7.98840166995009 567 4 
8.050200988910337 568 4 
8.055545032147444 569 4 
8.06159100349946 570 4 
8.088054304341709 571 4 
8.091130164477676 572 4 
8.102831774371614 573 4 
8.117012197997756 574 4 
8.131744777529057 575 4 
8.132445780182895 576 4 
8.142582683682669 577 4 
8.144382411524267 578 4 
8.157316205915357 579 4 
8.178174843558928 580 4 
8.191132359024586 581 4 
8.199972451409334 582 4 
8.309496280378578 583 4 
8.327036839148139 584 4 
8.345225189658281 585 4 
8.378395823437037 586 4 
8.394215073972548 587 4 
8.416251653147805 588 4 
8.436611956874996 589 4 
8.471747283935922 590 4 
8.49043309855081 591 4 
8.493461275618374 592 4 
8.502911472629187 593 4 
8.51098392002185 594 4 
8.514425184634469 595 4 
8.5182581144256 596 4 
8.519563092260155 597 4 
8.538463045591904 598 4 
8.65648263091358 599 4 
8.663649222405619 600 4 
8.691315592224383 601 4 
8.714428600807745 602 4 
8.727131401074335 603 4 
8.73331773345877 604 4 
8.829767177094576 605 4 
8.8835103883434 606 4 
8.905280036356935 607 4 
8.916097900141889 608 4 
8.927021464322351 609 4 
8.989651899473659 610 4 
8.997782747349616 611 4 
9.087189224364487 612 4 
9.102220712972919 613 4 
9.140089802252653 614 4 
9.165501410844126 615 4 
9.250930395525778 616 4 
9.25297134705464 617 4 
9.312613781345794 618 4 
9.42751429398113 619 4 
9.58231380762748 620 4 
9.7173013023668 621 4 
16.498773118733414 621 4 
