0.0 1 4 
0.6049905357448413 2 4 
0.683491817521196 3 4 
0.7653209992737425 4 4 
0.9677862949363396 5 4 
1.0267098991228067 6 4 
1.153719881421539 7 4 
1.170832502459429 8 4 
1.1929465640179526 9 4 
1.2052055972100684 10 4 
1.218528236710501 11 4 
1.2698946080705247 12 4 
1.4324346155999423 12 4 
1.5649335476306283 13 4 
1.573664479076283 14 4 
1.6905429406460777 15 4 
1.7873632899948337 16 4 
1.8134234487111733 17 4 
1.8246407222053447 18 4 
1.8362768910545415 19 4 
1.9464343092942795 20 4 
1.959878642407939 21 4 
1.986695257572252 22 4 
1.9929587091357206 23 4 
2.0954300119871094 24 4 
2.1248745358015526 25 4 
2.126811441929939 26 4 
2.1279993406240805 27 4 
2.1563786564055887 28 4 
2.20645629630346 29 4 
2.272353552371013 30 4 
2.347560656770281 31 4 
2.37582135839466 32 4 
2.400467864401885 33 4 
2.427372388199883 34 4 
2.433604758855914 35 4 
2.4748548955486243 36 4 
2.485745697496746 36 4 
2.5402428740335603 37 4 
2.547356358738031 38 4 
2.572171043048493 39 4 
2.579302997626966 40 4 
2.582201474470354 41 4 
2.596422514429121 42 4 
2.6167614673706105 43 4 
2.6480149186336974 44 4 
2.68126967254544 45 4 
2.698105150855918 46 4 
2.7179184131479364 47 4 
2.741011958284465 48 4 
2.7547662371810535 49 4 
2.779497457308757 50 4 
2.8154833014814264 51 4 
2.83730518998008 52 4 
2.8737292256265485 53 4 
2.8919148628856806 54 4 
2.8969072273648746 55 4 
2.916912049822801 56 4 
2.9240144003636073 57 4 
2.9431258866631427 58 4 
2.950321808408049 59 4 
3.016655578763922 60 4 
3.0326302544677723 61 4 
3.0806372752669025 62 4 
3.1058224198500297 63 4 
3.1092547385539713 64 4 
3.1717793049771172 65 4 
3.200542456136107 66 4 
3.204163229098699 66 4 
3.2052930035655947 67 4 
3.208654813307066 68 4 
3.2513757221595907 69 4 
3.2987848130028414 70 4 
3.327812340071067 71 4 
3.3296206837918065 72 4 
3.3533454022569527 73 4 
3.428108090710221 74 4 
3.4294888651994517 75 4 
3.4433009687639475 76 4 
3.4571807872335008 77 4 
3.4584615414775466 78 4 
3.4594469665667535 79 4 
3.4604356320899767 80 4 
3.471670644093197 81 4 
3.572994887958578 82 4 
3.573438226775854 83 4 
3.5901269449532287 84 4 
3.6083144064552624 85 4 
3.6256416109901197 86 4 
3.6377646265271935 87 4 
3.6548933364192515 88 4 
3.671915553500374 89 4 
3.7441208947081708 90 4 
3.763091231049215 91 4 
3.780097303142031 92 4 
3.7884566865662928 93 4 
3.8298141428961032 94 4 
3.829971313861049 95 4 
3.8356936250521905 96 4 
3.839130394575026 97 4 
3.8472713464516035 98 4 
3.8507275323071304 99 4 
3.9015444102252013 100 4 
3.90539409662752 101 4 
3.9228648514358966 102 4 
3.930019670490513 103 4 
3.9368585517111763 104 4 
3.9483757794868506 105 4 
3.951677192897132 106 4 
3.9577833098206527 107 4 
3.9695930428318538 108 4 
3.973393044356602 109 4 
4.014297516339314 110 4 
4.030608815020922 111 4 
4.034161751569251 112 4 
4.057607115550424 113 4 
4.078966280949056 114 4 
4.0870425493015174 115 4 
4.088053775254526 116 4 
4.092234818270754 117 4 
4.093191617023443 118 4 
4.093293022139245 119 4 
4.105989270273152 120 4 
4.124357340777149 121 4 
4.137579516398788 122 4 
4.13945655805784 123 4 
4.161094143275228 123 4 
4.177485015722593 124 4 
4.217440739686043 125 4 
4.2286955800092505 126 4 
4.255638575865109 127 4 
4.2624953479411865 128 4 
4.265366354859645 129 4 
4.2832624330756985 130 4 
4.297666643242136 131 4 
4.30188433039693 132 4 
4.305381915127858 133 4 
4.305955386414298 134 4 
4.319316053790888 135 4 
4.344517124466839 136 4 
4.354391583319591 137 4 
4.356581259172433 138 4 
4.366042922183805 139 4 
4.369965971861956 140 4 
4.370112971129888 141 4 
4.372508425461642 142 4 
4.411598659442995 143 4 
4.428401027321723 144 4 
4.4445800469090315 145 4 
4.44686725791089 146 4 
4.447878343718279 147 4 
4.4656612320110876 148 4 
4.475977194440955 149 4 
4.48588181305886 150 4 
4.57775507325754 151 4 
4.5787147236589805 152 4 
4.5889030458322155 153 4 
4.59104082117656 154 4 
4.600271117960686 155 4 
4.60667267926439 156 4 
4.609874084153784 157 4 
4.611789595705623 158 4 
4.623024995971607 159 4 
4.648963878911324 160 4 
4.687611585514981 161 4 
4.688373125179779 162 4 
4.691802869760534 163 4 
4.693635061370488 164 4 
4.702151679577052 165 4 
4.711373976908472 166 4 
4.741864623747701 167 4 
4.764335021340092 168 4 
4.7681850143700295 169 4 
4.791366271650369 170 4 
4.841415156958248 171 4 
4.847121013710746 172 4 
4.854644660267384 173 4 
4.8679254146997515 174 4 
4.869246266325062 175 4 
4.870627889136842 176 4 
4.888389870216315 177 4 
4.89281306057886 178 4 
4.894935707217309 179 4 
4.9002561299310425 180 4 
4.900442661108573 181 4 
4.903108272838633 182 4 
4.959342864207021 183 4 
4.9718462477778695 184 4 
4.985636473444414 185 4 
4.986593088320445 186 4 
5.002220474885462 187 4 
5.015022524187234 188 4 
5.030165562885456 189 4 
5.037796215374801 190 4 
5.038739599526568 191 4 
5.042242288737092 192 4 
5.051986039470453 193 4 
5.055533283949017 194 4 
5.0572077361009296 195 4 
5.0604675119999865 196 4 
5.071558462857839 197 4 
5.078091691234584 198 4 
5.081116461895051 199 4 
5.08192171037521 200 4 
5.087483455472609 201 4 
5.0933189496138604 202 4 
5.104488575361516 203 4 
5.1092887413748755 204 4 
5.112733064903717 205 4 
5.121248456132107 206 4 
5.137365148719592 207 4 
5.139043587116879 208 4 
5.146698251061022 209 4 
5.155223940337084 210 4 
5.1552990138349575 211 4 
5.184008403272085 212 4 
5.2026914385288965 213 4 
5.238564145709524 214 4 
5.242839465548694 215 4 
5.245407205334789 216 4 
5.258281840488349 217 4 
5.258743992222426 218 4 
5.263867344128079 219 4 
5.266004300179807 220 4 
5.2746627241997235 221 4 
5.287274815135318 222 4 
5.319432752127734 223 4 
5.3231571928623955 224 4 
5.324974342822622 225 4 
5.329082274357403 226 4 
5.341764679434719 227 4 
5.347396056877778 228 4 
5.354118133196107 229 4 
5.357112610568869 230 4 
5.359032483348848 231 4 
5.363773174912792 232 4 
5.365946233779776 233 4 
5.378542393497027 234 4 
5.381303944578254 235 4 
5.384195512417218 236 4 
5.384272151195587 237 4 
5.400202174581392 238 4 
5.403400364445023 239 4 
5.403496169824638 240 4 
5.405661441797501 241 4 
5.416917356837827 242 4 
5.419480784602239 243 4 
5.428745659062774 244 4 
5.440638827500832 245 4 
5.441293289758155 246 4 
5.446508221538778 247 4 
5.45991872994689 248 4 
5.462175725475867 249 4 
5.465365961793682 250 4 
5.470528521427595 251 4 
5.4811640646512725 252 4 
5.481209437451495 253 4 
5.4953821144151975 254 4 
5.495443480123515 255 4 
5.499123617619777 256 4 
5.510378392821618 257 4 
5.515413611944372 258 4 
5.51959055431825 259 4 
5.523959922709299 260 4 
5.537058940000842 261 4 
5.558034164606717 262 4 
5.5719855231190065 263 4 
5.581292858969148 264 4 
5.582219106758983 265 4 
5.627696545075113 266 4 
5.6309807275888115 267 4 
5.642680030831885 268 4 
5.648537558466313 269 4 
5.651955822399869 270 4 
5.662644780657277 271 4 
5.678526530875954 271 4 
5.681428800863019 272 4 
5.693959206809694 273 4 
5.696179263737204 274 4 
5.719744984702622 275 4 
5.724227623845409 276 4 
5.724841013748955 277 4 
5.747946508015997 278 4 
5.757400916777511 279 4 
5.758708894546745 280 4 
5.762852448083737 281 4 
5.766467584363068 282 4 
5.766688529895449 283 4 
5.777192852470369 284 4 
5.783276779035356 285 4 
5.791016774417154 286 4 
5.793488330078952 287 4 
5.811386047594107 288 4 
5.837134717616366 289 4 
5.852119042470172 290 4 
5.861275767315592 291 4 
5.866074874612532 292 4 
5.876866395285105 293 4 
5.879279293716724 294 4 
5.886182392923355 295 4 
5.889340946932618 296 4 
5.897359122061172 297 4 
5.909671157491452 298 4 
5.911014136808517 299 4 
5.921462093988839 300 4 
5.94344215243481 301 4 
5.95269126029428 302 4 
5.954275592174279 303 4 
5.956743156659016 304 4 
5.958376731819498 305 4 
5.966434803643041 306 4 
5.978615543275226 307 4 
5.981091751988611 308 4 
5.982243319281681 309 4 
5.98597551818821 310 4 
5.9976977713102 311 4 
6.005414391424674 312 4 
6.0085051316236004 313 4 
6.030041075740265 314 4 
6.033479293434612 315 4 
6.05435624235034 316 4 
6.067482090634885 317 4 
6.072756066319695 318 4 
6.085541438425139 319 4 
6.092665299385409 320 4 
6.107371769387128 321 4 
6.107736981866503 322 4 
6.124546936614923 323 4 
6.128349823207953 324 4 
6.137269898103341 325 4 
6.142186019389144 326 4 
6.166272691392823 327 4 
6.172565890369424 328 4 
6.181991039099947 329 4 
6.190530388431367 330 4 
6.202179626938579 331 4 
6.204505813794473 332 4 
6.214882146008501 333 4 
6.215209324133623 334 4 
6.23426746065427 335 4 
6.236998888094796 336 4 
6.237183812385783 337 4 
6.239316264631213 338 4 
6.261149215834169 339 4 
6.2621749054192435 340 4 
6.264522894693559 341 4 
6.265182537187474 342 4 
6.278456017980036 343 4 
6.288664169528594 344 4 
6.302747433525441 345 4 
6.302952313132391 346 4 
6.307491150790087 347 4 
6.330840486400212 348 4 
6.331556871661056 349 4 
6.339312241065652 350 4 
6.364368697834274 351 4 
6.398357397259365 352 4 
6.421255736729674 353 4 
6.4220027632390355 354 4 
6.424109986880208 355 4 
6.429533429019894 356 4 
6.441967518355354 357 4 
6.4421109692552285 358 4 
6.443840020745955 359 4 
6.46028597907424 360 4 
6.462239947399924 361 4 
6.462741818942249 362 4 
6.464255438902787 363 4 
6.46675595725208 364 4 
6.470449094735023 365 4 
6.479210578122829 366 4 
6.489403896938754 367 4 
6.4896998931634045 368 4 
6.4922136205886 369 4 
6.500265273536591 370 4 
6.501739299991783 371 4 
6.5290688497241804 372 4 
6.533550037002249 373 4 
6.542932972937808 374 4 
6.548542675232199 375 4 
6.549677399777038 376 4 
6.557245453895079 377 4 
6.55901524135855 378 4 
6.5796034540123225 379 4 
6.598725472718744 380 4 
6.6010457116025725 381 4 
6.614280396606223 382 4 
6.647923020035487 383 4 
6.664184557543765 384 4 
6.664523994102633 385 4 
6.6713202887424545 386 4 
6.675595117842122 387 4 
6.677279517688369 388 4 
6.679647717616016 389 4 
6.68732703781887 390 4 
6.689589618682047 391 4 
6.691951553353408 392 4 
6.693449782788049 393 4 
6.698578698226741 394 4 
6.700845109306506 395 4 
6.701755805270299 396 4 
6.703712525662372 397 4 
6.705829950924993 398 4 
6.708630486517559 399 4 
6.710581938177974 400 4 
6.711689458627901 401 4 
6.71283922630614 402 4 
6.717412030455013 403 4 
6.724620835216945 404 4 
6.725225192055756 405 4 
6.72694866598301 406 4 
6.74932997943007 407 4 
6.760917227242764 408 4 
6.76773280604701 409 4 
6.774175538604959 410 4 
6.777422253398247 411 4 
6.782590230741823 412 4 
6.783942333650492 413 4 
6.7875930220865035 414 4 
6.7945498620856375 415 4 
6.8035923887623015 416 4 
6.8042735584188 417 4 
6.81439583874709 418 4 
6.815152882854383 419 4 
6.8450781413366695 420 4 
6.851061091574344 421 4 
6.8536961625246455 422 4 
6.853823878427804 423 4 
6.858084129072312 424 4 
6.872145339053173 425 4 
6.8731365369678645 426 4 
6.880715136731184 427 4 
6.880722697285321 428 4 
6.885840224792112 429 4 
6.894205478619627 430 4 
6.897820678001148 431 4 
6.90420905525142 432 4 
6.932087248688643 433 4 
6.932501357125409 434 4 
6.934886801753316 435 4 
6.942088349423685 436 4 
6.954198049625632 437 4 
6.955737441541087 438 4 
6.959957761303877 439 4 
6.972565220299952 440 4 
6.972576257554457 441 4 
6.976783786490051 442 4 
6.9835472553217235 443 4 
6.99287685234603 444 4 
6.998303064649541 445 4 
7.018806920441676 446 4 
7.023752513561358 447 4 
7.024519382807856 448 4 
7.030020110930892 449 4 
7.03903818390146 450 4 
7.047478172780569 451 4 
7.050251529780634 452 4 
7.062058407399875 453 4 
7.065882844423098 454 4 
7.0676699582775155 455 4 
7.072653543052984 456 4 
7.072786096447296 457 4 
7.083302911542543 458 4 
7.093822039378949 459 4 
7.103092300837763 460 4 
7.111251828174857 461 4 
7.112990536335034 462 4 
7.114132005947369 463 4 
7.117406197561854 464 4 
7.127355155267981 465 4 
7.13811714520626 466 4 
7.144840407458474 467 4 
7.152550649419018 468 4 
7.154013481480196 469 4 
7.171841129326542 470 4 
7.173145600340619 471 4 
7.173145789629934 472 4 
7.178649367531942 473 4 
7.1964248040734295 474 4 
7.215570282158023 475 4 
7.219482450827806 476 4 
7.223276882624037 477 4 
7.2234417125438535 478 4 
7.22408846932583 479 4 
7.22913640648997 480 4 
7.232821697276864 481 4 
7.236611805180642 482 4 
7.237060549834025 483 4 
7.2400982005433 484 4 
7.2502816856511005 485 4 
7.263333561104102 486 4 
7.2638065369276825 487 4 
7.269611710212187 488 4 
7.269907007584652 489 4 
7.271477782974197 490 4 
7.29496900347117 491 4 
7.299996031896715 492 4 
7.303249996894196 493 4 
7.312099762887415 494 4 
7.313966697550472 495 4 
7.31431766815658 496 4 
7.315973519932835 497 4 
7.3200858763993475 498 4 
7.323346693711925 499 4 
7.327796040630708 500 4 
7.333074192555963 501 4 
7.3525265336862 502 4 
7.353257505228972 503 4 
7.360186626581962 504 4 
7.3808465702606005 505 4 
7.392449232907062 506 4 
7.394851790866448 507 4 
7.397312368279734 508 4 
7.400515699516469 509 4 
7.432658969723669 510 4 
7.433867484068972 511 4 
7.436135537344667 512 4 
7.445996911196972 513 4 
7.452637486071061 514 4 
7.459416628873739 515 4 
7.46917205702482 516 4 
7.473952590044582 517 4 
7.485516878590427 518 4 
7.487670958109281 519 4 
7.499953598683163 520 4 
7.50353571879266 521 4 
7.514349753156045 522 4 
7.514796268376358 523 4 
7.5235646792953235 524 4 
7.554214356979765 525 4 
7.570634872298577 526 4 
7.5730120495943725 527 4 
7.575508502880339 528 4 
7.575876697248626 529 4 
7.583588271741942 530 4 
7.592322422052224 531 4 
7.600283126244683 532 4 
7.604145135847099 533 4 
7.619131622248317 534 4 
7.623641198268553 535 4 
7.6250661551620045 536 4 
7.642682824113442 537 4 
7.644323565429704 538 4 
7.650657259073533 539 4 
7.653971480232948 540 4 
7.6598537000537545 541 4 
7.668405347719402 541 4 
7.6841983592140775 542 4 
7.703314601980116 543 4 
7.708453300230142 544 4 
7.739103502433693 545 4 
7.740923915844006 546 4 
7.771198154823797 547 4 
7.805471957526505 548 4 
7.805885382849052 549 4 
7.806798392373729 550 4 
7.820459578304034 551 4 
7.82722224604162 552 4 
7.841939079111273 553 4 
7.845454096043743 554 4 
7.846498115803737 555 4 
7.855584917507395 556 4 
7.8610074764406415 557 4 
7.874304808772892 558 4 
7.877300620468963 559 4 
7.8792511289337055 560 4 
7.894974693350954 561 4 
7.904050315443926 562 4 
7.928798750633831 563 4 
7.935925066709904 564 4 
7.952029993168864 565 4 
7.958570344096039 566 4 
7.959310275851916 567 4 
7.961644150927687 568 4 
7.9660721847988025 569 4 
7.975326427263041 570 4 
7.991582182384947 571 4 
8.023394601681346 572 4 
8.04220641725647 573 4 
8.071439019019765 574 4 
8.0729333787186 575 4 
8.105520963037389 576 4 
8.116489625787665 577 4 
8.144541933725945 578 4 
8.160125802416426 579 4 
8.205056155802213 580 4 
8.21043454521096 581 4 
8.268270685707042 582 4 
8.27655651103639 583 4 
8.2826152998588 584 4 
8.303835176325208 585 4 
8.321280952898714 586 4 
8.332920887851769 587 4 
8.340870667260589 588 4 
8.347729393473607 589 4 
8.35925280448774 590 4 
8.399518268924899 591 4 
8.445971680541714 592 4 
8.462941815821258 593 4 
8.46595793067111 594 4 
8.490099780435493 595 4 
8.500341786754978 596 4 
8.518955798356867 597 4 
8.527289994469985 598 4 
8.547698561995917 599 4 
8.561606275344275 600 4 
8.565414141434463 601 4 
8.596630299827194 602 4 
8.618450618589995 603 4 
8.679346135830446 604 4 
8.685125222051196 605 4 
8.78277089433531 606 4 
8.804987599210639 607 4 
8.909824156193975 608 4 
8.95837852944768 609 4 
8.988604095869624 610 4 
9.02302144392428 611 4 
9.057945780501942 612 4 
9.068549779474756 613 4 
9.089460507605127 614 4 
9.13959818557263 615 4 
9.161676073626923 616 4 
9.220965698301399 617 4 
9.510498938101106 618 4 
9.573004364017168 619 4 
9.711365549335243 620 4 
9.749126092735619 620 4 
10.10532092958378 621 4 
