0.0 1 4 
0.09276279519240052 2 4 
0.14157639648308634 3 4 
0.2601413156902178 4 4 
0.5292231557288498 5 4 
0.6144356646462293 6 4 
0.6444709117033135 7 4 
0.7311705853417708 8 4 
0.768510051574685 9 4 
0.7775129858001889 10 4 
0.7855562541797262 11 4 
0.8691244478167945 12 4 
0.9141576901265052 13 4 
0.9318552713425898 14 4 
0.9770643428573631 15 4 
0.9895914070440927 16 4 
1.0369837843608387 17 4 
1.0418795881891991 18 4 
1.0730776619160338 19 4 
1.1162144666048468 20 4 
1.1216151759092956 21 4 
1.128533693552796 22 4 
1.1357525791663203 23 4 
1.2174815818356237 24 4 
1.2783119915707883 25 4 
1.382074766399012 26 4 
1.407025609584328 27 4 
1.4192019938692337 28 4 
1.4219382511449872 29 4 
1.430681151164235 30 4 
1.4383809385399875 31 4 
1.5133439029037858 32 4 
1.5157134310800469 33 4 
1.546325574964133 34 4 
1.5528054162688427 35 4 
1.7206903037467804 36 4 
1.7679726753997478 37 4 
1.7722840530108208 38 4 
1.8018424604108787 39 4 
1.9005873168533658 40 4 
1.945039439861213 41 4 
1.973546114231214 42 4 
1.9878851016574153 43 4 
2.0122996860888605 44 4 
2.0132995970639773 45 4 
2.03612551604412 46 4 
2.0591572390122455 47 4 
2.0756315621886094 48 4 
2.077099735561798 49 4 
2.082720004467099 50 4 
2.1004714494301124 51 4 
2.1294435437887014 52 4 
2.1825529185092627 53 4 
2.183243544452194 54 4 
2.1834821596893237 55 4 
2.1853866884790625 56 4 
2.1996064196800282 57 4 
2.2196971905559164 58 4 
2.2482914827686598 59 4 
2.2541294580124314 60 4 
2.287869149197339 61 4 
2.3249693298192886 62 4 
2.3264148647203955 63 4 
2.3341226774023585 64 4 
2.353100090887845 65 4 
2.3816633954391753 66 4 
2.400626614177519 67 4 
2.416072079895953 68 4 
2.4574096791958944 69 4 
2.4751376201497104 70 4 
2.4956049213273404 71 4 
2.517091745403927 72 4 
2.538693968298318 73 4 
2.5551901453929813 74 4 
2.5757632936888206 75 4 
2.5938874935193144 76 4 
2.5975289210378585 77 4 
2.6022499238906156 78 4 
2.60845085384458 79 4 
2.632715241586512 80 4 
2.6593305765713335 81 4 
2.730033306998283 82 4 
2.7458378120615863 83 4 
2.7599252511156394 84 4 
2.7683775237147983 85 4 
2.785526914849979 86 4 
2.7930029516480404 87 4 
2.8061550775500503 88 4 
2.81137482826509 89 4 
2.8118029044633492 90 4 
2.8232103202199688 91 4 
2.832371913466476 92 4 
2.8401465397371166 93 4 
2.8593583546546033 94 4 
2.8607839357686187 95 4 
2.865592924267252 96 4 
2.866236517663079 97 4 
2.8763846127276116 98 4 
2.8891489626856015 99 4 
2.9101170128428198 100 4 
2.9158972264576475 100 4 
2.9453845115928967 101 4 
2.9478008188158182 102 4 
2.9501860552516863 103 4 
2.965697566680311 104 4 
2.975781577157652 105 4 
2.9793721432525446 106 4 
2.99416547641432 107 4 
3.005512107567865 108 4 
3.0150106363923 109 4 
3.0269845247866876 110 4 
3.037146301597535 111 4 
3.050272441052325 112 4 
3.067686561437127 113 4 
3.0685088321837033 114 4 
3.1191548382443397 115 4 
3.11998230550558 116 4 
3.126621611741614 117 4 
3.1358557100319855 118 4 
3.14118448740156 119 4 
3.1433114399822384 120 4 
3.149862839905532 121 4 
3.158659645752425 122 4 
3.1630344427801047 123 4 
3.1698943873933763 124 4 
3.189512631944567 125 4 
3.190523385263786 126 4 
3.1973694697376915 127 4 
3.198568145370178 128 4 
3.2270879260640526 129 4 
3.250398254290569 130 4 
3.2562499837985 131 4 
3.2577557648144415 132 4 
3.2670143105473555 133 4 
3.268270203760251 134 4 
3.279044733018991 135 4 
3.320809567970738 136 4 
3.3405847484053512 137 4 
3.3798110205846257 138 4 
3.4095346134408184 139 4 
3.41473961396865 140 4 
3.436885888514802 141 4 
3.442911541688928 142 4 
3.4493927561246744 143 4 
3.4578817214875346 144 4 
3.4759411604126207 145 4 
3.507683609031094 146 4 
3.5256399828379577 147 4 
3.543791575530583 148 4 
3.546526414508649 149 4 
3.5571647951911145 150 4 
3.5721435047638583 151 4 
3.584146294994807 152 4 
3.584264725461017 153 4 
3.6055547679975826 154 4 
3.608780086253371 155 4 
3.611004402677966 156 4 
3.636998373596689 157 4 
3.640805145260872 158 4 
3.641005099594298 159 4 
3.6568003947777754 160 4 
3.66871682010296 161 4 
3.679647697079962 162 4 
3.690480871043853 163 4 
3.700013457988541 164 4 
3.7068433496488082 165 4 
3.7210710070582653 166 4 
3.7447057203797693 167 4 
3.749432825950967 168 4 
3.7550272941349383 169 4 
3.7625932861894134 170 4 
3.7801423508253675 171 4 
3.781338007760993 172 4 
3.7823686982285367 173 4 
3.7895120529528636 174 4 
3.7969253866900896 175 4 
3.801866021040099 176 4 
3.810196222038173 177 4 
3.813061495744237 178 4 
3.8250654551851264 179 4 
3.8253475158082226 180 4 
3.833587011171156 181 4 
3.8367042899573347 182 4 
3.8444260511832633 183 4 
3.867927322904981 184 4 
3.8778237179168635 185 4 
3.8832710328935343 186 4 
3.8963502681375046 187 4 
3.918012323038007 188 4 
3.9282576666550386 189 4 
3.93068646079544 190 4 
3.9358831548649533 191 4 
3.9591674393574308 192 4 
3.962834382886416 193 4 
3.967638538503148 194 4 
3.9745213473564083 195 4 
3.979278933197355 196 4 
3.991066808027422 197 4 
3.9931318870248944 198 4 
3.9953306020948505 199 4 
4.01553445453114 200 4 
4.0263952996769685 201 4 
4.042028453070168 202 4 
4.063532074701686 203 4 
4.066527095894682 204 4 
4.072754882568986 205 4 
4.073184317739037 206 4 
4.077445768153474 207 4 
4.087766367999085 208 4 
4.098587255345122 209 4 
4.1016703883459265 210 4 
4.117902225177815 211 4 
4.128803385741458 212 4 
4.141120852326316 213 4 
4.16823037623426 214 4 
4.193229870906476 215 4 
4.201645362299091 216 4 
4.2060123680862205 217 4 
4.214576199054604 218 4 
4.218294392303375 219 4 
4.227490380947272 220 4 
4.238819396933424 221 4 
4.2552171971242565 222 4 
4.269836627030056 223 4 
4.274491543130774 224 4 
4.290609578528328 225 4 
4.3088281138986 226 4 
4.3134369163059825 227 4 
4.319659968273576 228 4 
4.32455066545397 229 4 
4.333938121796248 230 4 
4.336895568156629 231 4 
4.337702643921355 232 4 
4.342519249103449 233 4 
4.345913929877482 234 4 
4.3597195223766265 235 4 
4.374811314830669 236 4 
4.387501509777354 237 4 
4.387941052658996 238 4 
4.413667548208553 239 4 
4.425382387366583 240 4 
4.4466470498813075 241 4 
4.447858795238752 242 4 
4.470466455203367 243 4 
4.473308767487189 244 4 
4.482332720984967 245 4 
4.49801541403245 246 4 
4.507493082386825 247 4 
4.507546881583811 248 4 
4.5087309439249985 249 4 
4.5203681201244565 250 4 
4.5333887166600615 251 4 
4.542798390647306 252 4 
4.553197679214669 253 4 
4.5572496998878655 254 4 
4.568824633127961 255 4 
4.569714991643069 256 4 
4.570795429498022 257 4 
4.572042421640145 258 4 
4.578356762411364 259 4 
4.5798190271388295 260 4 
4.581242822764607 261 4 
4.5843178118706485 262 4 
4.590962368161254 263 4 
4.617782289152622 264 4 
4.618256107411629 265 4 
4.618271564473901 266 4 
4.623378987495573 267 4 
4.642104315651932 268 4 
4.646202097154168 269 4 
4.648553552297572 270 4 
4.649400589430839 271 4 
4.664680257789339 272 4 
4.673638834698813 273 4 
4.680727329632013 274 4 
4.692586586469628 275 4 
4.696336552326491 276 4 
4.698732182601973 277 4 
4.7019479238085085 278 4 
4.704686307936732 279 4 
4.714731665634352 280 4 
4.716112681058337 281 4 
4.750051426198338 282 4 
4.752204884036367 283 4 
4.755039208336574 284 4 
4.761482907400332 285 4 
4.761705559599244 286 4 
4.7699507465611335 287 4 
4.775299349984483 288 4 
4.777011873232229 289 4 
4.778969192577548 290 4 
4.809825560040236 291 4 
4.817055461082084 292 4 
4.817250115716589 293 4 
4.8372185773669365 294 4 
4.83774266751017 295 4 
4.8405741377194405 296 4 
4.857238023964312 297 4 
4.872250114323593 298 4 
4.874291601279075 299 4 
4.8771397990798295 300 4 
4.882640696607748 301 4 
4.886833470636232 302 4 
4.890518138802682 303 4 
4.895587631276409 304 4 
4.903674944387996 305 4 
4.906908808131928 306 4 
4.922516125521184 307 4 
4.922882496662187 308 4 
4.929156987923093 309 4 
4.937327893372694 310 4 
4.938215414267647 311 4 
4.948292647426778 312 4 
4.966587926975144 313 4 
4.977817691136998 314 4 
4.9804936161125966 315 4 
4.9838923770753185 316 4 
4.98891742892627 317 4 
4.9944250014926626 318 4 
5.005080671389185 319 4 
5.045606450776514 320 4 
5.071104066218309 321 4 
5.07553509488019 322 4 
5.096770157669006 323 4 
5.099750139872985 324 4 
5.108636916334813 325 4 
5.111996422615302 326 4 
5.135137316865124 327 4 
5.139755274637362 328 4 
5.153778455947659 329 4 
5.156264995599785 330 4 
5.183195290868628 331 4 
5.185228052938936 332 4 
5.185711112657991 333 4 
5.186863350810733 334 4 
5.187979961582639 334 4 
5.188178116579868 335 4 
5.191178261890351 336 4 
5.191239228263097 337 4 
5.206756241248538 338 4 
5.217357781162017 339 4 
5.224200269613407 340 4 
5.228535857579341 341 4 
5.231903688074228 342 4 
5.237941111260605 342 4 
5.239631938048599 343 4 
5.241825268085433 344 4 
5.2421081545898085 345 4 
5.253334577551488 346 4 
5.303331946063583 347 4 
5.307796670451369 348 4 
5.30910836321993 349 4 
5.323527777010335 350 4 
5.329303188542408 351 4 
5.330119360730954 352 4 
5.334691055277821 353 4 
5.351230572197323 354 4 
5.353607562510471 355 4 
5.35431634943409 356 4 
5.3545219908777755 357 4 
5.366420693123715 358 4 
5.379217514000452 359 4 
5.395607557346584 360 4 
5.395661762077847 361 4 
5.404947657601646 362 4 
5.441582137629555 363 4 
5.445140799184878 364 4 
5.455974676576464 365 4 
5.459636054769305 366 4 
5.468472707101594 367 4 
5.4724565826983165 368 4 
5.476223093832658 369 4 
5.482345807367886 370 4 
5.488531365472867 371 4 
5.490772269480234 372 4 
5.491865455357439 373 4 
5.495810471894709 374 4 
5.498528005852681 375 4 
5.499342462013017 376 4 
5.500864091549934 377 4 
5.5010595161772535 378 4 
5.502374093241251 379 4 
5.503288306236518 380 4 
5.530786882263397 381 4 
5.53520088828954 382 4 
5.536148212626172 383 4 
5.5375933432473445 384 4 
5.5486223301525275 385 4 
5.5533071801007905 386 4 
5.567630887267567 387 4 
5.604617265308395 387 4 
5.607245120917838 388 4 
5.610819658194022 389 4 
5.620744572711358 390 4 
5.620858433041989 391 4 
5.625209370568692 392 4 
5.6272888970037735 393 4 
5.628717550804436 394 4 
5.6504491336151625 395 4 
5.657119229969553 396 4 
5.660567086670598 397 4 
5.66608977616587 398 4 
5.666945588104262 399 4 
5.6687489847215256 400 4 
5.690245976068203 401 4 
5.707739263610969 402 4 
5.71024128330119 403 4 
5.719089626693839 404 4 
5.7448328123765915 405 4 
5.76410554332647 406 4 
5.801148728525192 407 4 
5.801350110708053 408 4 
5.802138446247932 409 4 
5.806440848969004 410 4 
5.807232662860304 411 4 
5.810535266627747 412 4 
5.838487930163367 413 4 
5.842016435774252 414 4 
5.851194328862294 415 4 
5.853069356794411 416 4 
5.855383798615002 417 4 
5.8561411839487745 418 4 
5.866598305045467 419 4 
5.875204968056101 420 4 
5.880498720687654 421 4 
5.885675049799453 422 4 
5.889597697858136 423 4 
5.910264495525296 424 4 
5.915512172109608 425 4 
5.922020083675095 426 4 
5.924357308380575 427 4 
5.9255618614664884 428 4 
5.932956791376416 429 4 
5.939006659696658 430 4 
5.943082002632072 431 4 
5.949277126954203 432 4 
5.955742525218222 433 4 
5.962578172737128 434 4 
5.981596311311857 435 4 
5.98531897891603 436 4 
5.986733346644793 437 4 
5.993804037319659 438 4 
5.996577005455787 439 4 
6.012432213008523 440 4 
6.023256355431081 441 4 
6.023705072023081 442 4 
6.036679579895348 443 4 
6.046521509615454 444 4 
6.050110077474713 445 4 
6.052963000395114 446 4 
6.060787757795587 447 4 
6.072453396626459 448 4 
6.079064382884642 449 4 
6.09580691490717 450 4 
6.102497263543592 451 4 
6.109030810590344 452 4 
6.113891495922088 453 4 
6.117655383107093 454 4 
6.126404499946815 455 4 
6.128387045282676 456 4 
6.141140552066529 457 4 
6.145125672376914 458 4 
6.160711238877242 459 4 
6.162819670940469 460 4 
6.188696471274479 461 4 
6.192230850781243 462 4 
6.197438685095145 463 4 
6.208974900448891 464 4 
6.213354427094611 465 4 
6.229080587963164 466 4 
6.231608506872798 467 4 
6.24643910629551 468 4 
6.250720130054815 469 4 
6.255183450009638 470 4 
6.261015596322521 471 4 
6.271476983653725 472 4 
6.272975734119474 473 4 
6.30570585436129 474 4 
6.354091743255282 475 4 
6.363843329526618 476 4 
6.367694893517814 477 4 
6.372311275353366 478 4 
6.373729603428705 479 4 
6.379462700536427 480 4 
6.39102666248098 481 4 
6.405060872281853 482 4 
6.412830092112572 483 4 
6.416686345431931 484 4 
6.428796762966815 485 4 
6.440204025719729 486 4 
6.456830802559699 487 4 
6.471490923301953 488 4 
6.48179056783478 489 4 
6.482316243097269 490 4 
6.50471996191648 491 4 
6.522635091565311 492 4 
6.523368035665201 493 4 
6.532492368086454 494 4 
6.534987503053664 495 4 
6.552126434372255 496 4 
6.568168792104416 497 4 
6.578642406513968 498 4 
6.598221175111711 499 4 
6.599070624656673 500 4 
6.604324481202371 501 4 
6.609547790504108 502 4 
6.609738789853654 503 4 
6.620226920489431 504 4 
6.632362722828353 505 4 
6.663356090634988 506 4 
6.670304370962703 507 4 
6.673387072073893 508 4 
6.678197553688979 509 4 
6.694144399643045 510 4 
6.701685488404816 511 4 
6.703104677016733 512 4 
6.706707142266253 513 4 
6.721366895983263 514 4 
6.7401822596961996 515 4 
6.7412523686547114 516 4 
6.742912463614403 517 4 
6.7474047420701435 518 4 
6.750123354204744 519 4 
6.753193986513418 520 4 
6.762226673888969 521 4 
6.767801118908932 522 4 
6.768293769389086 523 4 
6.775971674322726 524 4 
6.77714053010476 525 4 
6.7794412380150275 526 4 
6.801795900019986 527 4 
6.805309954078636 528 4 
6.823992979855152 529 4 
6.832217906147474 530 4 
6.834462350647357 531 4 
6.841322989861478 532 4 
6.853778935049478 533 4 
6.859783039035345 534 4 
6.86785869730251 535 4 
6.8863218627996545 536 4 
6.891120163744268 537 4 
6.901685585666855 538 4 
6.915829292511283 539 4 
6.916055668058326 540 4 
6.918312891604161 541 4 
6.921785529931398 542 4 
6.929728312751717 543 4 
6.929944792955394 544 4 
6.933667610557221 545 4 
6.952754940791046 546 4 
6.959735985654881 547 4 
6.962104737976754 548 4 
6.962161682251353 549 4 
6.971481630809339 550 4 
6.989148373033854 551 4 
6.994149054081663 552 4 
7.002924267984664 553 4 
7.030600995544272 554 4 
7.041685799313331 555 4 
7.046269400780591 556 4 
7.048991631693965 557 4 
7.05079636642382 558 4 
7.057688688301332 559 4 
7.0609479858104205 560 4 
7.089468087939142 561 4 
7.114954404768412 562 4 
7.118734050468443 563 4 
7.120604943455764 564 4 
7.1262349923881105 565 4 
7.134724826782463 566 4 
7.135395256697755 567 4 
7.147103788937487 568 4 
7.155210422948091 569 4 
7.19365101377605 570 4 
7.201208826284161 571 4 
7.234814035267376 572 4 
7.240257572435888 573 4 
7.249434110912794 574 4 
7.2527235074551095 575 4 
7.2543457071445525 576 4 
7.30665820182246 577 4 
7.31261826687345 578 4 
7.324681854580902 579 4 
7.341369981681055 580 4 
7.362508188524034 581 4 
7.367248157442531 582 4 
7.397387590298684 583 4 
7.398880377176795 584 4 
7.409918990204646 585 4 
7.416602409375447 586 4 
7.442117740887437 587 4 
7.474993599764922 588 4 
7.480026814991316 589 4 
7.510202387234314 590 4 
7.52232695595696 591 4 
7.538766371627714 592 4 
7.547341930204344 593 4 
7.573828601319189 594 4 
7.581764876014013 595 4 
7.59528764134521 596 4 
7.604323429964485 597 4 
7.619734756663587 598 4 
7.643656026049638 599 4 
7.658805906904404 600 4 
7.660506246012799 601 4 
7.67479049928861 602 4 
7.67524765128364 603 4 
7.703751851069446 604 4 
7.738045981899965 605 4 
7.789312270013567 606 4 
7.7929915091246595 607 4 
7.799612575838057 608 4 
7.804828390720635 609 4 
7.805995971922444 610 4 
7.830977195885487 611 4 
7.841945195406133 612 4 
7.9924578159020605 613 4 
8.058405224737994 614 4 
8.089462046198852 615 4 
8.137883628570256 616 4 
8.146040044257159 617 4 
8.173812339302083 618 4 
8.243098320043172 618 4 
8.294237197268737 619 4 
8.33851247140932 620 4 
8.367193314458222 621 4 
10.473105982392592 621 4 
