0.0 1 4 
0.09767697489690952 2 4 
0.1777057481363114 3 4 
0.48194726804041027 4 4 
0.5011337642147926 5 4 
0.5171357319504871 6 4 
0.5243630784874564 7 4 
0.5712939029370858 8 4 
0.6493186916172352 9 4 
0.6664463248184246 10 4 
0.6943510208671488 11 4 
0.7482587664471709 12 4 
0.8150342733614484 13 4 
0.980413874785488 14 4 
0.9960430164506133 15 4 
1.024237737338226 16 4 
1.0727011310948316 17 4 
1.0809257853909113 18 4 
1.1195638234415868 19 4 
1.1367676019876234 20 4 
1.1446741575609092 21 4 
1.2290304622370345 22 4 
1.2335303843827505 23 4 
1.2369978449270598 24 4 
1.2450011676834363 25 4 
1.2639121731384493 26 4 
1.3345792480833358 27 4 
1.3412793859664918 28 4 
1.3812901893701945 29 4 
1.4299379942232817 30 4 
1.4610351262393555 31 4 
1.541086541435176 32 4 
1.5483975742271106 32 4 
1.5710470061078805 33 4 
1.5725629220018804 34 4 
1.5916204446185127 35 4 
1.6013720186719598 36 4 
1.6359412489134844 37 4 
1.7145935742216205 38 4 
1.804035011931825 39 4 
1.8153138690599642 40 4 
1.829825110874858 41 4 
1.8406053146344217 42 4 
1.8466780324149723 43 4 
1.8785723540795456 44 4 
1.8940569805707803 45 4 
1.9100403215782695 46 4 
1.9313997130285563 47 4 
1.93165583867367 48 4 
1.9470476923432858 49 4 
1.9472834519815396 50 4 
1.9516167014441623 51 4 
1.985609975196152 52 4 
1.9870705288368433 53 4 
1.9921932984206638 54 4 
1.9925101569366348 55 4 
1.995040039090788 56 4 
2.012391574747499 57 4 
2.0415156624835538 58 4 
2.057202738532985 59 4 
2.0875292410543453 60 4 
2.11148195297749 61 4 
2.1424486279939705 62 4 
2.156692695427611 63 4 
2.201473436272332 64 4 
2.204661127731825 65 4 
2.2092506837422667 66 4 
2.2866941839423323 67 4 
2.3365195362521276 68 4 
2.3459186816748554 69 4 
2.3478429109094017 70 4 
2.3689734725159868 71 4 
2.386816933860992 72 4 
2.418553286800436 73 4 
2.4190483026569756 74 4 
2.4429634018524387 75 4 
2.4438835722507046 76 4 
2.4480702624809947 77 4 
2.452681990685569 78 4 
2.500378177041286 79 4 
2.525177081267473 80 4 
2.5326486659321814 81 4 
2.5378041173857926 82 4 
2.5393067385054855 83 4 
2.550449798636005 84 4 
2.565014458194622 85 4 
2.5656114657668003 86 4 
2.6080002742096227 87 4 
2.6364845129432277 88 4 
2.641457779736395 89 4 
2.656073937201841 90 4 
2.6593324578865194 91 4 
2.718516571402892 92 4 
2.7310229347234953 93 4 
2.7366126580295647 94 4 
2.7558445409771726 95 4 
2.758201194375767 96 4 
2.761131581735244 97 4 
2.8034601384651996 98 4 
2.8361040558354094 99 4 
2.84303474359478 100 4 
2.865825652206784 101 4 
2.887327284892735 102 4 
2.8894055720297134 103 4 
2.892124197410518 104 4 
2.895050082745347 105 4 
2.8951455007514313 106 4 
2.8975340874359863 107 4 
2.9009248608625415 108 4 
2.907282059313345 109 4 
2.9394032969166823 110 4 
2.95672246639037 111 4 
2.9677631461058205 112 4 
2.9873053880503595 113 4 
3.003944178664526 114 4 
3.019047817240399 115 4 
3.062098669413605 116 4 
3.0693020630814143 117 4 
3.0977893360137543 118 4 
3.1118569196825367 119 4 
3.1129570370554145 120 4 
3.116118591600205 121 4 
3.120201521478022 122 4 
3.1325816435099565 123 4 
3.188230098036772 124 4 
3.2002924180088 125 4 
3.2168229144078397 126 4 
3.2221861357665125 127 4 
3.2657674713267073 128 4 
3.269154127475863 129 4 
3.285312170534573 130 4 
3.2928134717803315 131 4 
3.3061597455153326 132 4 
3.3100024960035324 133 4 
3.3417787597439728 134 4 
3.3444819659686553 135 4 
3.394580194304626 136 4 
3.4164080810707533 137 4 
3.4287445330674116 138 4 
3.4552335642365573 139 4 
3.470428690620337 140 4 
3.47819148212278 141 4 
3.490104919737789 142 4 
3.5198629656117246 143 4 
3.5429000908574397 144 4 
3.5482367390492806 145 4 
3.5670154506550484 146 4 
3.567726913253619 147 4 
3.567843194374436 148 4 
3.57115170496782 149 4 
3.5848160448511734 150 4 
3.613979636541623 151 4 
3.6189703926541057 152 4 
3.6488904904890207 153 4 
3.6575303695448222 154 4 
3.669349551821166 155 4 
3.6835849024672127 156 4 
3.6986272418414643 157 4 
3.6999401125922575 158 4 
3.7043778923805113 159 4 
3.719223443583943 160 4 
3.731275905440472 161 4 
3.758340626374658 162 4 
3.7757626180886867 163 4 
3.807791430431886 164 4 
3.8333796065087924 165 4 
3.8475474358400175 166 4 
3.8491868062830394 167 4 
3.849306543270999 168 4 
3.8655583469987667 169 4 
3.8768173209745487 170 4 
3.8774764924901826 171 4 
3.8815297752143807 172 4 
3.8858865053135916 173 4 
3.8969367809857007 174 4 
3.897833993262025 175 4 
3.9189128033940044 176 4 
3.928071003146307 177 4 
3.942416208103748 178 4 
3.9569232001707753 179 4 
4.025737538321697 180 4 
4.035873662694409 181 4 
4.038320621255518 182 4 
4.041377143210503 183 4 
4.043186681093821 184 4 
4.048037877470006 185 4 
4.067836322312586 186 4 
4.093375143775276 187 4 
4.099521015600645 188 4 
4.110373053260491 189 4 
4.11445272526331 190 4 
4.125531204630745 191 4 
4.131944111060664 192 4 
4.135589062363489 193 4 
4.141386826514876 194 4 
4.169481895376142 195 4 
4.173996801077622 196 4 
4.185803235409754 197 4 
4.1871710393098756 198 4 
4.201530347007815 199 4 
4.220789846498805 200 4 
4.237514836190446 201 4 
4.246926517206904 202 4 
4.258560984608782 203 4 
4.280730325342147 204 4 
4.282837013119327 205 4 
4.307195209722824 206 4 
4.3192335833862705 207 4 
4.3440979849427 208 4 
4.35198083090467 209 4 
4.420179096330412 210 4 
4.430377425606331 211 4 
4.437079771847892 212 4 
4.484416010636653 213 4 
4.486769695673114 214 4 
4.492939136838745 215 4 
4.49529268565453 216 4 
4.508109130230523 217 4 
4.529686283456153 218 4 
4.550595686046472 219 4 
4.5529641941664405 220 4 
4.554078260384944 221 4 
4.57926976197564 222 4 
4.5985332348367844 223 4 
4.599030703723212 224 4 
4.602120952767689 225 4 
4.60743108125971 226 4 
4.610327114247599 227 4 
4.61695316377877 228 4 
4.628042572779824 229 4 
4.644766166588419 230 4 
4.649768744341385 231 4 
4.650990902623268 232 4 
4.661419817693317 233 4 
4.674410749972975 234 4 
4.680656893354705 235 4 
4.709792907592654 236 4 
4.735849326783174 237 4 
4.766520094013719 238 4 
4.796077736972975 239 4 
4.80006985926435 240 4 
4.807377351944033 241 4 
4.810922043519919 242 4 
4.819318602796814 243 4 
4.830980059659681 244 4 
4.831776762712757 245 4 
4.839630445688908 246 4 
4.84435754933428 247 4 
4.85116479630515 248 4 
4.872625666673597 249 4 
4.878384260138397 250 4 
4.879855550113657 251 4 
4.894689297866454 252 4 
4.897185252636322 253 4 
4.906889869932796 254 4 
4.925626817508228 255 4 
4.930522853150079 256 4 
4.936599315006229 257 4 
4.950832982122404 258 4 
4.952383372929366 259 4 
5.004816418555572 260 4 
5.0053903458445745 261 4 
5.009957121087125 262 4 
5.012824493093546 263 4 
5.018021733764386 264 4 
5.018911533846321 265 4 
5.025052511112146 266 4 
5.0283889384861125 267 4 
5.030474810015394 268 4 
5.063818053606356 269 4 
5.065081734211611 270 4 
5.067228690648426 271 4 
5.079189268020122 272 4 
5.088817609016318 273 4 
5.0974607251341295 273 4 
5.12310806568371 274 4 
5.126496835843487 275 4 
5.134638927575411 276 4 
5.156967884743136 277 4 
5.158203212952781 278 4 
5.158684542195702 279 4 
5.177436321537585 280 4 
5.1799207677761245 281 4 
5.197822693072281 282 4 
5.201417033634716 283 4 
5.212981019421372 284 4 
5.229321788095101 285 4 
5.287240887713743 286 4 
5.308918141652947 287 4 
5.320737317657096 288 4 
5.3274725187738055 289 4 
5.3304452044602835 290 4 
5.3322626822763315 291 4 
5.333940479323829 292 4 
5.3341949250816 293 4 
5.33572604845869 294 4 
5.340622933476475 295 4 
5.35806314196206 296 4 
5.36954128702409 297 4 
5.387809214856 298 4 
5.388468055644467 299 4 
5.393266455259332 300 4 
5.396539021962575 301 4 
5.407351594329067 302 4 
5.416751792420418 303 4 
5.4181838590844675 304 4 
5.418762644992748 305 4 
5.45579346144723 306 4 
5.47427809548318 307 4 
5.478488705521404 308 4 
5.484464691352034 309 4 
5.4860002666979995 310 4 
5.494455925526133 311 4 
5.507068360132267 312 4 
5.51424705393763 313 4 
5.526449815818462 314 4 
5.529107322754372 315 4 
5.530719800789531 316 4 
5.535040004744586 317 4 
5.538771576088676 318 4 
5.545653268330475 319 4 
5.548388987815367 320 4 
5.573340351833589 321 4 
5.586401705840838 322 4 
5.593645605948009 323 4 
5.602168220420517 324 4 
5.605628145458159 325 4 
5.630590976145565 326 4 
5.631165998227452 327 4 
5.631177943983325 328 4 
5.631883610656774 329 4 
5.634781124220573 330 4 
5.640760487327848 331 4 
5.6444974199428755 332 4 
5.654248615746631 333 4 
5.654943466412225 334 4 
5.660571178902186 335 4 
5.667451196213645 336 4 
5.676631927565727 337 4 
5.699099994321384 338 4 
5.707349025761954 339 4 
5.73250674365448 340 4 
5.74089673135117 341 4 
5.74486928477792 342 4 
5.747076351094172 343 4 
5.747221083572 344 4 
5.767920801575339 345 4 
5.771905302192034 346 4 
5.781457028970194 347 4 
5.781629371614981 348 4 
5.782618186804711 349 4 
5.79187009834779 350 4 
5.792680456217672 351 4 
5.797120423751987 352 4 
5.804175307427613 353 4 
5.806176790509984 354 4 
5.813399365142665 355 4 
5.81880866476528 356 4 
5.8276143137788265 357 4 
5.83132650480795 358 4 
5.837761086003082 359 4 
5.846529024202228 360 4 
5.856770715401592 361 4 
5.86608612607872 362 4 
5.86966138331848 363 4 
5.875764988236112 364 4 
5.8760904780135075 365 4 
5.901550792927999 366 4 
5.907724375569382 367 4 
5.91532411676704 368 4 
5.9234365214431115 369 4 
5.9767051562659015 370 4 
5.990008405485277 371 4 
6.0101963590647705 372 4 
6.011924058674601 373 4 
6.014152194151853 374 4 
6.021793357287396 375 4 
6.023275930799714 376 4 
6.026274673478079 377 4 
6.047382504733393 378 4 
6.065213134328366 379 4 
6.071248335434786 380 4 
6.07307134980344 381 4 
6.077718370123614 382 4 
6.085741939880941 383 4 
6.100198860070324 384 4 
6.102108896668877 385 4 
6.1102292802769425 386 4 
6.110739607014511 387 4 
6.112738916845511 388 4 
6.127743861273617 389 4 
6.130392180578508 390 4 
6.134270803776709 391 4 
6.140122857583084 392 4 
6.146444633874362 393 4 
6.1554213724021976 394 4 
6.156658391400422 395 4 
6.208517432299063 396 4 
6.2135069699849765 397 4 
6.218256380561375 398 4 
6.219189100567766 399 4 
6.2245970574410805 400 4 
6.226279139601677 401 4 
6.23030823341649 402 4 
6.234704861865034 403 4 
6.241364225317039 404 4 
6.24380308650243 405 4 
6.2546250044569955 406 4 
6.25556551569855 407 4 
6.259002643841874 408 4 
6.261682713164294 409 4 
6.267698090222986 410 4 
6.268995102074332 411 4 
6.271609558933269 412 4 
6.27326577294737 413 4 
6.275152421906381 414 4 
6.284106826460103 415 4 
6.294103172037287 416 4 
6.296872685812674 417 4 
6.296994243953954 418 4 
6.307815423943413 419 4 
6.325087537053072 420 4 
6.334456021636777 421 4 
6.343942655582128 422 4 
6.354900577850563 423 4 
6.363337405424124 424 4 
6.369624905451711 425 4 
6.372271365196017 426 4 
6.376400028947911 427 4 
6.381917734621524 428 4 
6.384043925546923 429 4 
6.385951660415523 430 4 
6.39386248248895 431 4 
6.407992227600135 432 4 
6.427278315323254 433 4 
6.439700840908654 434 4 
6.455325282012467 435 4 
6.471871345772365 436 4 
6.4860799897933 437 4 
6.495513863531947 438 4 
6.511225724081309 439 4 
6.5128391335677005 440 4 
6.514328474214425 441 4 
6.5180245421390985 442 4 
6.519093412915582 443 4 
6.528816638033634 444 4 
6.5306161236249824 445 4 
6.533380276001835 446 4 
6.534590248458682 447 4 
6.5437019720620775 448 4 
6.550380226104435 449 4 
6.557893934841931 450 4 
6.560209304755771 451 4 
6.562326345548364 452 4 
6.572969851147006 453 4 
6.573057048927823 454 4 
6.574628170820293 455 4 
6.583617815323567 456 4 
6.58705333902009 457 4 
6.5870818142921195 458 4 
6.595591607596278 459 4 
6.59969141888217 460 4 
6.616256367791633 461 4 
6.618511394145789 462 4 
6.632094700524436 463 4 
6.645288954588837 464 4 
6.652221483592078 465 4 
6.68226293988324 466 4 
6.685425305928427 467 4 
6.688873144638381 468 4 
6.691822605700002 469 4 
6.70079282115218 470 4 
6.716242274072445 471 4 
6.728858511564386 472 4 
6.741575827200588 473 4 
6.749423185281444 474 4 
6.756599749535697 475 4 
6.765521680471933 476 4 
6.776254452544624 477 4 
6.77876212411817 478 4 
6.780833904243238 479 4 
6.7813913113743 480 4 
6.793728855154045 481 4 
6.7943943973485315 482 4 
6.796354405695951 483 4 
6.80723606786698 484 4 
6.81614502596293 485 4 
6.825326331569892 486 4 
6.825524860695913 487 4 
6.841227073196268 488 4 
6.859363528124435 489 4 
6.879624635481948 490 4 
6.888773627364344 491 4 
6.889497274543263 492 4 
6.891155952437923 493 4 
6.894202214082291 494 4 
6.904889427878701 495 4 
6.908389585551296 496 4 
6.919291973970129 497 4 
6.920142086403022 498 4 
6.928317337213868 499 4 
6.933274619130123 500 4 
6.933959351460435 501 4 
6.935434348105349 502 4 
6.93678331929024 503 4 
6.937396944903789 504 4 
6.938467941616667 505 4 
6.947347874238468 506 4 
6.947383590442224 507 4 
6.949927841930828 508 4 
6.952358595227748 509 4 
6.967232428786095 510 4 
6.968146879321823 511 4 
6.981708665738496 512 4 
7.0228815116146865 513 4 
7.030413621461009 514 4 
7.031489522862102 515 4 
7.044744143879911 516 4 
7.073362080194387 517 4 
7.095193491484214 518 4 
7.097298502133551 519 4 
7.098475743603925 520 4 
7.130400315061741 521 4 
7.153172276265569 522 4 
7.153718722305288 523 4 
7.157129033490641 524 4 
7.16490954596478 525 4 
7.177922750542991 526 4 
7.184784449701231 527 4 
7.215355915672802 528 4 
7.2436299074795505 529 4 
7.2644916969763695 530 4 
7.272797126057965 531 4 
7.277491847025097 532 4 
7.278897853572068 533 4 
7.287359618197444 534 4 
7.2968261369160246 535 4 
7.3068603908535 536 4 
7.320542349855479 537 4 
7.354652386800692 538 4 
7.354708211848792 539 4 
7.385173938904133 540 4 
7.39325712619763 541 4 
7.410901539883284 542 4 
7.414334095638202 543 4 
7.423808912944629 544 4 
7.429674721247325 545 4 
7.435688699497372 546 4 
7.454297956045048 547 4 
7.4621994764212625 548 4 
7.469907060100196 549 4 
7.473528382143086 550 4 
7.489060303887442 551 4 
7.493683567298945 552 4 
7.5227152854485935 553 4 
7.534286843078271 554 4 
7.536709301695683 555 4 
7.542335776263962 556 4 
7.560293478621182 557 4 
7.5842546052683675 558 4 
7.588184752025309 559 4 
7.5910680206969845 560 4 
7.6265170836944005 561 4 
7.636761676507685 562 4 
7.652594273878564 563 4 
7.660469894160949 564 4 
7.6759311796465095 565 4 
7.684353941764961 566 4 
7.694509364569154 567 4 
7.694994043733061 568 4 
7.706465817007157 569 4 
7.720066743858076 570 4 
7.722296468678396 571 4 
7.750366197715907 572 4 
7.769727501927499 573 4 
7.786525430880919 574 4 
7.794903680392704 575 4 
7.8008381214549205 576 4 
7.801929264156969 577 4 
7.805802273542934 578 4 
7.81181270447459 579 4 
7.820058459095892 580 4 
7.825625729345254 581 4 
7.827852415192677 582 4 
7.836707164462499 583 4 
7.8416105622071015 584 4 
7.844604247506616 585 4 
7.861898518283881 586 4 
7.872390971090702 587 4 
7.8753667413446395 588 4 
7.889252325801484 589 4 
7.923233089060173 590 4 
7.932179889540193 591 4 
7.946886219925221 592 4 
7.982743727097113 593 4 
7.987349850958587 594 4 
7.9893191982167355 595 4 
7.992971391735553 596 4 
8.029276822127569 597 4 
8.053753026405829 598 4 
8.060427898793534 599 4 
8.087957052922395 600 4 
8.098278413222406 601 4 
8.100190442669707 602 4 
8.110365994337542 603 4 
8.13182014470414 604 4 
8.148593903662384 605 4 
8.15381847093499 606 4 
8.194072122962593 607 4 
8.216848318728298 608 4 
8.219010882232801 609 4 
8.243932489879459 610 4 
8.245783093745677 611 4 
8.307816198898667 612 4 
8.367300119731217 613 4 
8.386799452320595 614 4 
8.39695273371825 615 4 
8.454308219631933 615 4 
8.524039875800307 616 4 
8.565813805702136 617 4 
8.574592805565363 618 4 
8.593276402880033 619 4 
8.612854504568734 620 4 
9.297342194015886 621 4 
9.964748565086124 621 4 
11.885274044689421 621 4 
