0.0 1 4 
2.7255308753970197E-4 2 4 
0.060594044785545136 3 4 
0.24128141814017 4 4 
0.2970844067205768 5 4 
0.4495370610811753 6 4 
0.7780077355732937 7 4 
0.820465872996121 8 4 
0.8472523413236311 9 4 
0.9182811233254307 10 4 
0.9228350157166297 11 4 
1.0917224798091316 12 4 
1.166906771285198 13 4 
1.1733219116489024 14 4 
1.2384113654373876 15 4 
1.2582067342178938 16 4 
1.3093055738547275 16 4 
1.4017811073487534 17 4 
1.4073718172028244 18 4 
1.4625382590922575 19 4 
1.4965071876352214 20 4 
1.5292024356052798 21 4 
1.6335130257796082 22 4 
1.7158669859485634 23 4 
1.7225371997343175 24 4 
1.72790739427571 25 4 
1.7361539568015636 26 4 
1.7915921657386518 27 4 
1.857732692417045 28 4 
1.860268041097683 28 4 
1.9450804328995805 29 4 
1.970308680519576 30 4 
2.0465457411096755 31 4 
2.079689594630717 32 4 
2.1026888307664673 33 4 
2.1130151835913615 34 4 
2.233948288843006 35 4 
2.2494694563014503 36 4 
2.2562717095392912 37 4 
2.2608117600379116 38 4 
2.272701615762021 39 4 
2.273031933597635 40 4 
2.276804957465043 41 4 
2.2898956966085104 42 4 
2.32029471375926 43 4 
2.3569192312341105 44 4 
2.391100496545519 45 4 
2.39472047556736 46 4 
2.4146437417045075 47 4 
2.4394802078024966 48 4 
2.442858665487114 49 4 
2.4734017405007442 50 4 
2.49506168689716 51 4 
2.5781917392555522 52 4 
2.5933958034629487 53 4 
2.5934357579449543 54 4 
2.6077011989728933 55 4 
2.6187365569116534 56 4 
2.6267823074119656 57 4 
2.6336686734828882 58 4 
2.665499370421175 59 4 
2.684327981694322 60 4 
2.6875793836654895 61 4 
2.6930962102280174 62 4 
2.7119307499996403 63 4 
2.72778495392474 64 4 
2.744090954719036 65 4 
2.7869052473498153 66 4 
2.796559412209799 67 4 
2.7998931241362013 68 4 
2.8003455715780654 69 4 
2.82789532895748 70 4 
2.835094347819007 71 4 
2.83883320094166 72 4 
2.8526776214737937 73 4 
2.858512278428769 74 4 
2.865467958158545 75 4 
2.8708143191894244 76 4 
2.87438106591275 77 4 
2.8810874267673183 78 4 
2.892511939581955 79 4 
2.8985495173862215 80 4 
2.9051835977810514 81 4 
2.90804241745429 82 4 
2.9195152740266073 83 4 
2.9210437265132554 84 4 
2.975760780244919 85 4 
2.987724364090012 86 4 
2.991955951838438 87 4 
3.00364367462997 88 4 
3.004199074984803 89 4 
3.004510559046358 90 4 
3.022245524208304 91 4 
3.038597838646384 92 4 
3.0657467522784865 93 4 
3.070868449505681 94 4 
3.0761371227517844 95 4 
3.08921871706003 96 4 
3.090640940726273 97 4 
3.10373495188102 98 4 
3.117384549367472 99 4 
3.117759672392209 100 4 
3.129236945251335 101 4 
3.135333482723309 102 4 
3.173426619882631 103 4 
3.182780775684426 104 4 
3.2107717379180074 105 4 
3.2125702845712625 106 4 
3.219545852688084 107 4 
3.2349537898837903 108 4 
3.2460022975103198 109 4 
3.2547476427938173 110 4 
3.265208069267425 111 4 
3.271213470754024 112 4 
3.2843358560764018 113 4 
3.29676269845993 114 4 
3.298997462322184 115 4 
3.308309442568137 116 4 
3.3091099022263126 117 4 
3.328009934612646 118 4 
3.334506544362014 119 4 
3.338710889485838 120 4 
3.3391350607981973 121 4 
3.346569331728537 122 4 
3.347216490063049 123 4 
3.3547400652672335 124 4 
3.3559128548601986 125 4 
3.3628775685555223 126 4 
3.374553517431779 127 4 
3.385156912529378 128 4 
3.385714593322325 129 4 
3.3865912655251327 130 4 
3.395745522971076 131 4 
3.39637871699248 132 4 
3.416902544948498 133 4 
3.4413340482191357 134 4 
3.459068486132757 135 4 
3.483747653253865 136 4 
3.4850051047730912 137 4 
3.4970551603396394 138 4 
3.519536281211369 139 4 
3.527108618519407 140 4 
3.553244476892818 141 4 
3.5573266910172885 142 4 
3.5589947062643836 143 4 
3.5620327411622394 144 4 
3.6039382816544325 145 4 
3.6275890922100698 146 4 
3.6279956007444287 147 4 
3.6433082251015176 148 4 
3.645103117008347 149 4 
3.6484422738271394 150 4 
3.6506250534894575 151 4 
3.6542229979725365 152 4 
3.6675747099782234 153 4 
3.6903946335796425 154 4 
3.723756983404153 155 4 
3.734583087004416 156 4 
3.737917486340482 157 4 
3.7394206912724215 158 4 
3.774146822546243 159 4 
3.808010532427365 160 4 
3.81268943482043 160 4 
3.8197264353338736 161 4 
3.8348092808871215 162 4 
3.8384326235561548 163 4 
3.8596614527907804 164 4 
3.866024516460825 165 4 
3.888075235468599 166 4 
3.8912164297872405 167 4 
3.9054718138360776 168 4 
3.9499919864999633 169 4 
3.9586587639673487 170 4 
3.970455049827671 171 4 
3.9747997926455128 172 4 
3.9947768798859697 173 4 
4.016888468489445 174 4 
4.019198419104454 175 4 
4.019785301928054 176 4 
4.038519555329453 177 4 
4.050016385882663 178 4 
4.053484020938149 179 4 
4.06114142206688 180 4 
4.06565206883895 181 4 
4.073774221661449 182 4 
4.075990527595781 183 4 
4.0819330725215845 184 4 
4.090642659201492 185 4 
4.102340220075972 186 4 
4.112416742059269 187 4 
4.125012261892087 188 4 
4.149284798001061 189 4 
4.151662948536692 190 4 
4.15636317531199 191 4 
4.160696006161352 192 4 
4.171995572267667 193 4 
4.174588701696423 194 4 
4.190889415219516 195 4 
4.199795676650503 196 4 
4.204185843228499 197 4 
4.206199193192594 198 4 
4.212511272505856 199 4 
4.213037913335031 200 4 
4.227504375166406 201 4 
4.2451076034080995 202 4 
4.282858238429721 203 4 
4.3000423680103586 204 4 
4.315951247769036 205 4 
4.316057392247141 206 4 
4.325690694098779 207 4 
4.344685394068539 208 4 
4.355220832783776 209 4 
4.356105889841818 210 4 
4.379238246651372 211 4 
4.380382877746537 212 4 
4.381712618436238 213 4 
4.393199997169152 214 4 
4.403370634136126 215 4 
4.407227512166889 216 4 
4.420902218852256 217 4 
4.4234182716048025 218 4 
4.42892441885507 219 4 
4.43127007272714 220 4 
4.433878130444506 221 4 
4.435165709217355 222 4 
4.440096404911493 223 4 
4.446573184383429 224 4 
4.450298525125968 225 4 
4.468038642742902 226 4 
4.4920536148036 227 4 
4.495888756159653 228 4 
4.498163476585489 229 4 
4.501711729205344 230 4 
4.507482355240697 231 4 
4.523357314209989 232 4 
4.524570418281585 233 4 
4.524707701399761 234 4 
4.536085639117935 235 4 
4.5415922398257615 236 4 
4.544096493502911 237 4 
4.5759099796561715 238 4 
4.595429428975629 239 4 
4.596995749431829 240 4 
4.609924420137575 241 4 
4.617477772999604 242 4 
4.623354403192396 243 4 
4.623563868011955 244 4 
4.628947695168476 245 4 
4.640953115462474 246 4 
4.645772780263753 247 4 
4.6578073546153504 248 4 
4.670107870369934 249 4 
4.694337818003596 250 4 
4.706906982082775 251 4 
4.716997082418308 252 4 
4.726613770533942 253 4 
4.778593843857437 254 4 
4.792035686183941 255 4 
4.8119960341339665 256 4 
4.838021851115361 257 4 
4.857546219038739 258 4 
4.8595175072779755 259 4 
4.863720287282327 260 4 
4.900853811620117 261 4 
4.901281058411011 262 4 
4.904472384546914 263 4 
4.920393761634116 264 4 
4.933037492253227 265 4 
4.9336515453161285 266 4 
4.93402345566667 267 4 
4.936648821735393 268 4 
4.96208682562178 269 4 
4.9623054462746 270 4 
4.968484457803048 271 4 
4.97091584512489 272 4 
4.9710446861674775 273 4 
4.972348411416598 274 4 
4.974948845206528 275 4 
4.976096239995872 276 4 
4.977361788048038 277 4 
4.979838954265901 278 4 
4.984525719468216 279 4 
5.0014841252061375 280 4 
5.001968222221452 281 4 
5.002442680749498 282 4 
5.0046052982806355 283 4 
5.01602454556069 284 4 
5.01628003211544 285 4 
5.018455228732512 286 4 
5.024929762437247 287 4 
5.05148948389528 288 4 
5.051693249604463 289 4 
5.0667243821504515 290 4 
5.07515174796484 291 4 
5.0851985491175045 292 4 
5.085884042369324 293 4 
5.105928806866911 294 4 
5.110647368606715 295 4 
5.1206127359110925 296 4 
5.123795017095224 297 4 
5.125688645193081 298 4 
5.125718792765066 299 4 
5.142321509428688 300 4 
5.148119338935184 301 4 
5.1666092787748354 302 4 
5.172831802202877 303 4 
5.1790117036401115 304 4 
5.19053273494837 305 4 
5.192720925275195 306 4 
5.216355404517891 307 4 
5.22713336931371 308 4 
5.22728399016178 309 4 
5.250038942755928 310 4 
5.293507636448734 311 4 
5.297840842176921 312 4 
5.302386239960289 313 4 
5.306140456189303 314 4 
5.309439210781164 315 4 
5.311487788718928 316 4 
5.314466557453262 317 4 
5.339331453284961 318 4 
5.353983298294974 319 4 
5.367023928369356 320 4 
5.367138199179457 321 4 
5.375299651462147 322 4 
5.381032135774382 323 4 
5.382735793022312 324 4 
5.387735136945179 325 4 
5.400087890681517 326 4 
5.4043385726658535 327 4 
5.404378834726681 328 4 
5.430844681781205 329 4 
5.434960919041601 330 4 
5.442171576554011 331 4 
5.452534863359203 332 4 
5.454112643315617 333 4 
5.456398368711926 334 4 
5.456422531356873 335 4 
5.473140888838198 336 4 
5.4899007687210855 337 4 
5.491342330448081 338 4 
5.49850746959556 339 4 
5.498654365159365 340 4 
5.526723044957719 341 4 
5.5267841405419125 342 4 
5.535714844290468 343 4 
5.563436838819918 344 4 
5.588026180013074 345 4 
5.597680475694696 346 4 
5.604341439582177 347 4 
5.616816846532232 348 4 
5.637396586643073 349 4 
5.644503658918761 350 4 
5.648696194799569 351 4 
5.649620755239605 352 4 
5.656262837817451 353 4 
5.664026458346245 354 4 
5.677079824241233 355 4 
5.687731236470015 356 4 
5.699301032748863 357 4 
5.705637423524301 358 4 
5.710225108885556 359 4 
5.713906553811052 360 4 
5.752827741287388 361 4 
5.753832738453703 362 4 
5.780396785387912 363 4 
5.782231053025651 364 4 
5.785278244400717 365 4 
5.790304369687688 366 4 
5.799280200767445 367 4 
5.80624113363723 368 4 
5.80708562746475 369 4 
5.825795070861691 370 4 
5.826229153184254 371 4 
5.839834167184587 372 4 
5.8411422560542094 373 4 
5.8418880552270185 374 4 
5.850928581772028 375 4 
5.881413940151876 376 4 
5.884275277587925 377 4 
5.895420120615367 378 4 
5.905279017597774 379 4 
5.915992928224091 380 4 
5.930493123788868 381 4 
5.936839606192736 382 4 
5.942792101490161 383 4 
5.949812498446345 384 4 
5.957692001598821 385 4 
5.958294803881481 386 4 
5.959970673245185 387 4 
5.966353244325191 388 4 
5.970804875970001 389 4 
5.979728269207341 390 4 
5.981492667520699 391 4 
5.996660858448555 392 4 
6.004630465614057 393 4 
6.015820821760732 394 4 
6.0193695288858295 395 4 
6.032178853053786 396 4 
6.034276892594401 397 4 
6.034991719499811 398 4 
6.049914038850003 399 4 
6.059639870682863 400 4 
6.071841093749414 401 4 
6.077648425060192 402 4 
6.088265541347125 403 4 
6.089075982934636 404 4 
6.118802603198601 405 4 
6.126435863245035 406 4 
6.13724579964576 407 4 
6.185640700521113 408 4 
6.19388904246338 409 4 
6.198110096147022 410 4 
6.206218382559912 411 4 
6.2089921632529075 412 4 
6.215060891087337 413 4 
6.2244990525059025 414 4 
6.224505034161238 415 4 
6.231254311357929 416 4 
6.235002941725542 417 4 
6.2409668001298115 418 4 
6.26424139085379 419 4 
6.275873854132036 420 4 
6.284042646677782 421 4 
6.293442066278501 422 4 
6.319619438771301 423 4 
6.324548236755889 424 4 
6.326965499230097 425 4 
6.330498174490689 426 4 
6.333626999182953 427 4 
6.349699561435371 428 4 
6.352608893239767 429 4 
6.356826520483149 430 4 
6.360731844331871 431 4 
6.370435184488338 432 4 
6.372758943167477 433 4 
6.388804451193923 434 4 
6.409020902056717 435 4 
6.415858982586785 436 4 
6.418186568133726 437 4 
6.422760862064848 438 4 
6.424537190643282 439 4 
6.429037946790476 440 4 
6.439634172802247 441 4 
6.4438756263172845 442 4 
6.449297162511185 443 4 
6.452285509235599 444 4 
6.453239693004911 445 4 
6.47488691975563 446 4 
6.47788742144013 447 4 
6.485522151695235 448 4 
6.490974413573567 449 4 
6.502015721571907 450 4 
6.5046239683483495 451 4 
6.505112716088166 452 4 
6.512689251150241 453 4 
6.5352074503961095 454 4 
6.547723049785622 455 4 
6.565573833937882 456 4 
6.569934245259305 457 4 
6.571118070298867 458 4 
6.583167919005457 459 4 
6.585440321238964 460 4 
6.587152641219447 461 4 
6.588383230543735 462 4 
6.613059259905304 463 4 
6.61386759694009 464 4 
6.625413196184543 465 4 
6.625918238761793 466 4 
6.636701273412664 467 4 
6.639738756331047 468 4 
6.642593252382433 469 4 
6.648597650223452 470 4 
6.651247585253281 471 4 
6.652118505900304 472 4 
6.653657623392029 473 4 
6.654538239220478 474 4 
6.683434962115913 475 4 
6.72270308834289 476 4 
6.72850030988693 477 4 
6.7492709627609315 478 4 
6.762737461254042 479 4 
6.7630261864704275 480 4 
6.763603597694559 481 4 
6.789110023443108 482 4 
6.791384957138982 483 4 
6.793783353428555 484 4 
6.798236155439746 485 4 
6.798525153663756 486 4 
6.803370287185799 487 4 
6.830448899048803 488 4 
6.848169913328978 489 4 
6.848838880484459 490 4 
6.84891411065858 491 4 
6.862290264424433 492 4 
6.876035376532933 493 4 
6.876169095688037 494 4 
6.876501404805126 495 4 
6.876593278285939 496 4 
6.884654837665852 497 4 
6.88744233228779 498 4 
6.889607348122194 499 4 
6.892435948299974 500 4 
6.9140978143927105 501 4 
6.91734803122365 502 4 
6.945775790421809 503 4 
6.964409478675116 504 4 
6.968101688110517 505 4 
6.985436120222856 506 4 
6.986816789858681 507 4 
6.99046231816469 508 4 
6.995989322992351 509 4 
7.005207191689249 510 4 
7.016848762468588 511 4 
7.028957386356616 512 4 
7.059018613288005 513 4 
7.074527290578263 514 4 
7.074696528194493 515 4 
7.104402384444055 516 4 
7.111869109923903 517 4 
7.122109843877198 518 4 
7.137068061389401 519 4 
7.1433140127479415 520 4 
7.173763834609371 521 4 
7.184066293504783 522 4 
7.18408211325691 523 4 
7.184582160493633 524 4 
7.193398671368685 525 4 
7.198490308033765 526 4 
7.199756610914561 527 4 
7.219792749827048 528 4 
7.224590259230742 529 4 
7.225833031715107 530 4 
7.237845353723101 531 4 
7.238320828582065 532 4 
7.252931772447863 533 4 
7.2660887724859515 534 4 
7.270095322368015 535 4 
7.271972942365086 536 4 
7.280696937958993 537 4 
7.293149979676516 538 4 
7.308670188106653 539 4 
7.322467800439803 540 4 
7.332946934211519 541 4 
7.349430651548677 542 4 
7.35011147896224 543 4 
7.354645342358245 544 4 
7.366551320772411 545 4 
7.377402053500208 546 4 
7.406517650125561 547 4 
7.40673776715346 548 4 
7.412931806520308 549 4 
7.434451029060216 550 4 
7.443225770914612 551 4 
7.451184390571497 552 4 
7.456294973022236 553 4 
7.457137758630093 554 4 
7.462037292859801 555 4 
7.481344313922659 556 4 
7.483125486246187 557 4 
7.494368727147932 558 4 
7.506642217272425 559 4 
7.5201169827032235 560 4 
7.535428480714013 561 4 
7.541379516024746 562 4 
7.54670850112497 563 4 
7.551977273093527 564 4 
7.59673623633353 565 4 
7.599337980422184 566 4 
7.603877137556563 567 4 
7.6188670357989645 568 4 
7.620578455798094 569 4 
7.6498613622597125 570 4 
7.651517088257685 571 4 
7.662880139870031 572 4 
7.681115888685546 573 4 
7.696077859150851 574 4 
7.701633917180497 575 4 
7.707502480684459 576 4 
7.711768436009084 577 4 
7.71254968967918 578 4 
7.716072015626537 579 4 
7.722407249851706 580 4 
7.749191289065316 581 4 
7.7716815269358595 582 4 
7.779653816370806 583 4 
7.841289286708346 584 4 
7.84496851823077 585 4 
7.853058332864528 586 4 
7.8549859210102655 587 4 
7.865335049495862 588 4 
7.86606040148489 589 4 
7.911670205243418 590 4 
7.913225288961661 591 4 
7.9956123244618205 592 4 
8.026335633973998 593 4 
8.040753644160231 594 4 
8.085588969318426 595 4 
8.099454730473948 596 4 
8.152778175004341 597 4 
8.210045380612753 598 4 
8.213856365674742 599 4 
8.259188883905 600 4 
8.284900053541062 601 4 
8.31743258803531 602 4 
8.33916217000759 603 4 
8.448809321593238 604 4 
8.479883674457236 605 4 
8.507691713152683 606 4 
8.550341569422415 607 4 
8.559459159594743 608 4 
8.56256189385879 609 4 
8.567372840535537 610 4 
8.631897967664543 611 4 
8.64084416515191 612 4 
8.646871295491207 613 4 
8.675572667113206 614 4 
8.722626408918313 615 4 
8.832300282988607 616 4 
8.892819256697269 617 4 
8.974048712297131 618 4 
9.045216106311935 619 4 
9.049421144973904 620 4 
9.147383430211729 621 4 
15.300295601567099 621 4 
