0.0 1 4 
0.302537268297001 1 4 
0.49712262777652944 2 4 
0.5088430776946792 3 4 
0.5550737648769398 4 4 
0.6530123143612274 5 4 
0.6993268245496799 6 4 
0.7894801393233605 7 4 
0.8326731188618579 8 4 
0.8529214184860143 9 4 
0.8766857982278056 10 4 
0.8784510576004815 11 4 
0.9588577082806791 12 4 
1.03247833657169 13 4 
1.0761626814548602 14 4 
1.1143355880039674 15 4 
1.1163516542265948 16 4 
1.1602404777225706 17 4 
1.182957453951599 18 4 
1.2153708925095104 19 4 
1.250834287753772 20 4 
1.2663255515452008 21 4 
1.3166029151611212 22 4 
1.3505802840040724 23 4 
1.3839853994825058 24 4 
1.4735096678965316 25 4 
1.4970547935151917 26 4 
1.5823042748341738 27 4 
1.5876460417890395 28 4 
1.6412464984168262 29 4 
1.6650935009019185 30 4 
1.6717033180811862 31 4 
1.6995888354275748 32 4 
1.7042263429471494 33 4 
1.709024924328045 34 4 
1.7090805446856847 35 4 
1.7300338476303792 36 4 
1.8287261281086458 37 4 
1.8566870956036061 38 4 
1.8865393278273386 39 4 
1.9254614730417747 40 4 
1.9363169304788181 41 4 
1.9391514006289667 42 4 
1.9502791500599088 43 4 
1.9571333197030985 44 4 
1.9905401244208165 45 4 
1.9962501180071337 46 4 
2.083940032391456 47 4 
2.1144033739299815 48 4 
2.1728472983808906 49 4 
2.2371984634421467 50 4 
2.274222778582072 51 4 
2.2935047682616587 52 4 
2.298174714557813 53 4 
2.30055407269596 54 4 
2.3214267581942063 55 4 
2.3295845983493866 56 4 
2.3357018703013184 57 4 
2.3805722196885895 58 4 
2.3867774958461094 59 4 
2.410661127799738 60 4 
2.431918316696976 61 4 
2.434809552441462 62 4 
2.436074652980202 63 4 
2.4428299962751936 64 4 
2.452002814237496 65 4 
2.460349415759449 66 4 
2.4685999914119265 67 4 
2.4817057354030307 68 4 
2.4976563349136613 69 4 
2.509798192900501 70 4 
2.5512150763612413 71 4 
2.5568434781344993 72 4 
2.5568887091659107 73 4 
2.5657470081770857 74 4 
2.57886159961213 75 4 
2.5807883526995545 76 4 
2.6050243535562996 77 4 
2.6158659482047613 78 4 
2.6161398956342494 79 4 
2.626039778491303 80 4 
2.629930603178402 81 4 
2.658421255613139 82 4 
2.6781468203352436 83 4 
2.681446098981898 84 4 
2.698387265579504 85 4 
2.717578037879012 86 4 
2.7263546150460938 87 4 
2.7427184169474805 88 4 
2.744992697244729 89 4 
2.7578641803421076 90 4 
2.767689748210121 91 4 
2.809538638619833 92 4 
2.8262770581586305 93 4 
2.8323822972690618 94 4 
2.860920507061829 95 4 
2.929793863613048 96 4 
2.930413767529465 97 4 
2.939359228910593 98 4 
2.956906254965802 99 4 
2.9989326910481897 100 4 
3.0054475581929414 101 4 
3.0172074202426695 102 4 
3.022331826904132 103 4 
3.0396905417700784 104 4 
3.0924409694354504 105 4 
3.095775939243485 106 4 
3.0962626056361877 107 4 
3.1049533058904624 108 4 
3.113466026725451 109 4 
3.142557734132367 110 4 
3.143766103591993 111 4 
3.2123304423828145 112 4 
3.224629942381466 113 4 
3.226142702808146 114 4 
3.236279845916942 115 4 
3.2627902444513155 116 4 
3.288035933520651 117 4 
3.3069416131334295 118 4 
3.308080577116891 119 4 
3.3229679174591076 120 4 
3.3390119975832335 121 4 
3.3447689650664114 122 4 
3.3980662207219727 123 4 
3.4019422265729453 124 4 
3.411996514385515 125 4 
3.4156165994669245 126 4 
3.4208002306167278 127 4 
3.421862287966884 128 4 
3.461234794051215 129 4 
3.488968423463176 130 4 
3.4901991323951043 131 4 
3.50227073010356 132 4 
3.511972682180163 133 4 
3.538793421899791 134 4 
3.56391144386986 135 4 
3.5744376415358428 136 4 
3.580092362103203 137 4 
3.5819297311726577 138 4 
3.591578171989442 139 4 
3.6023199295986434 140 4 
3.6082680086821743 141 4 
3.6124863608659488 142 4 
3.63679309368064 143 4 
3.643263831605274 144 4 
3.646416063972157 145 4 
3.6568229391530975 146 4 
3.6614002446661544 147 4 
3.665033851770542 148 4 
3.666946877850121 149 4 
3.676634538266486 150 4 
3.6782923542521484 151 4 
3.6835107326972003 152 4 
3.689418306017437 153 4 
3.6960684441995646 154 4 
3.737678524172841 155 4 
3.7435382802049895 156 4 
3.7590438848727734 157 4 
3.7851102722001064 158 4 
3.802489970158309 159 4 
3.808046208530822 160 4 
3.8107441645839986 161 4 
3.823177478251614 162 4 
3.848150079676491 163 4 
3.8581188092565744 164 4 
3.865930934690841 165 4 
3.8687772519266073 166 4 
3.8729057269881824 167 4 
3.876175533649275 168 4 
3.8786841737941113 169 4 
3.8861562029261134 170 4 
3.9023234317114874 171 4 
3.903575388976752 172 4 
3.9181758046670643 173 4 
3.9198270127035295 174 4 
3.944943972386257 175 4 
3.9471279602044755 176 4 
3.9520859534553687 177 4 
3.9538056256698533 178 4 
3.976797778986704 179 4 
3.9815431157722934 180 4 
4.008311886206824 181 4 
4.019069992469125 182 4 
4.020089564374233 183 4 
4.026865498853155 184 4 
4.029714260785754 185 4 
4.030351591739273 186 4 
4.042922362682228 187 4 
4.046092736306439 188 4 
4.0751766482528895 189 4 
4.078411807815824 190 4 
4.086826385243064 191 4 
4.087454151492005 192 4 
4.092736593597964 193 4 
4.095621582288647 194 4 
4.098932230313997 195 4 
4.101452611847278 196 4 
4.107330060902868 197 4 
4.109362086165761 198 4 
4.1177803944853615 199 4 
4.118261544949063 200 4 
4.118660672824708 201 4 
4.123270167997249 202 4 
4.137548308082543 203 4 
4.157098687797977 204 4 
4.171468487128244 205 4 
4.1759585230085845 206 4 
4.177504336224907 207 4 
4.180586501769043 208 4 
4.188807725923033 209 4 
4.201678934987287 210 4 
4.202232451600048 211 4 
4.208435130631252 212 4 
4.20866513474963 213 4 
4.233371894664698 214 4 
4.2342498435154745 215 4 
4.259985066502447 216 4 
4.2723075128585295 217 4 
4.300998115583294 218 4 
4.3054184916641365 219 4 
4.308693902664335 220 4 
4.334767695794241 221 4 
4.344151668089807 222 4 
4.382826856891662 223 4 
4.40358091687161 224 4 
4.411487581117416 225 4 
4.430846485532401 226 4 
4.465149730555699 227 4 
4.469342789326798 228 4 
4.490248930317393 229 4 
4.493370064459072 230 4 
4.502146281623877 231 4 
4.505989870945347 232 4 
4.514097521743335 233 4 
4.53245174081371 234 4 
4.54810515450457 235 4 
4.550600326675337 236 4 
4.556614738418285 237 4 
4.5648006560850565 238 4 
4.572897497971879 239 4 
4.5750492668200975 240 4 
4.580259566006037 241 4 
4.585072500508302 242 4 
4.589048514371358 243 4 
4.593020171820002 244 4 
4.59743830844228 245 4 
4.607849139128354 246 4 
4.61175251281511 247 4 
4.618960723777359 248 4 
4.620842067797471 249 4 
4.62283397788365 250 4 
4.626422250422359 251 4 
4.628946704521015 252 4 
4.643249746490122 253 4 
4.645196692718236 253 4 
4.649114960596181 254 4 
4.6506793481697954 255 4 
4.653504160097544 256 4 
4.656296794620031 257 4 
4.662912184450002 258 4 
4.6650421588092 259 4 
4.666294758057497 260 4 
4.689550365948471 261 4 
4.7005324960045165 262 4 
4.709607784094722 263 4 
4.71281179422593 264 4 
4.7359408160062095 265 4 
4.74857429941237 266 4 
4.749377967457279 267 4 
4.750937044580407 268 4 
4.752926637983773 269 4 
4.772612720420484 270 4 
4.7742737428472255 271 4 
4.776735722879962 272 4 
4.784446868889445 273 4 
4.796398160254269 274 4 
4.8005711409673575 275 4 
4.8131965949854445 276 4 
4.83211926329367 277 4 
4.832734386294397 278 4 
4.840924234296986 279 4 
4.8484622427787984 280 4 
4.855018027752407 281 4 
4.85637220686647 282 4 
4.864255535563886 283 4 
4.891163578252612 284 4 
4.902211050519654 285 4 
4.9046048888988105 286 4 
4.904697170333711 287 4 
4.91940146393016 288 4 
4.921349918840234 289 4 
4.92479179005226 290 4 
4.9355813595563385 291 4 
4.936285171450106 292 4 
4.945550527730118 293 4 
4.949054854256764 294 4 
4.96068752851186 295 4 
5.011422307357015 296 4 
5.020835174985926 297 4 
5.035139610246933 298 4 
5.052882345993888 299 4 
5.093629558420804 300 4 
5.097896789630555 301 4 
5.116034634059044 302 4 
5.117292013452827 303 4 
5.122339828691024 304 4 
5.122829536889737 305 4 
5.123447047109331 306 4 
5.128859201699728 307 4 
5.129729473553537 308 4 
5.149655107258539 309 4 
5.155240753275935 310 4 
5.159461660239997 311 4 
5.178692264510508 312 4 
5.180766366695631 313 4 
5.190248739050373 314 4 
5.194463749478676 315 4 
5.196589684932986 316 4 
5.1986695571570625 317 4 
5.203162950473128 318 4 
5.2049061376570815 319 4 
5.20767822756171 320 4 
5.209106393391905 321 4 
5.2211018210686495 322 4 
5.225485047916207 323 4 
5.233271264757117 324 4 
5.234894180096357 325 4 
5.2402619964467085 326 4 
5.248819014155045 327 4 
5.250874367041677 328 4 
5.254346546717124 329 4 
5.274547805728583 330 4 
5.286918903383133 331 4 
5.293263255232607 332 4 
5.296315051555033 333 4 
5.297814974898956 334 4 
5.3120014621053775 335 4 
5.315158566093036 336 4 
5.328671698169552 337 4 
5.334119914133181 338 4 
5.337802786476814 339 4 
5.339510936816034 340 4 
5.368124983410939 341 4 
5.3693835206315965 341 4 
5.379309957763269 342 4 
5.3960241584730255 343 4 
5.398585831082848 344 4 
5.400978291637631 345 4 
5.407005411274544 346 4 
5.407199591789106 347 4 
5.409398071218234 348 4 
5.409916048229587 349 4 
5.415855021423001 350 4 
5.421600301449281 351 4 
5.431691602929521 352 4 
5.433948436428166 353 4 
5.444091494375577 354 4 
5.4500538264607075 355 4 
5.454359344232549 356 4 
5.461281315925944 357 4 
5.492311861216026 358 4 
5.495093455860453 359 4 
5.501954623086505 360 4 
5.508579933210212 361 4 
5.534956020104156 362 4 
5.5468917267147555 363 4 
5.548689828947483 364 4 
5.563065829077846 365 4 
5.564000001303327 366 4 
5.571405766480862 367 4 
5.582548782133063 368 4 
5.590305462827201 369 4 
5.597990555832274 370 4 
5.602591412432856 371 4 
5.603024555671226 372 4 
5.620079280386444 373 4 
5.635554517394762 374 4 
5.642678730728325 375 4 
5.649774989549992 376 4 
5.6601582153238175 377 4 
5.670034355111106 378 4 
5.673933793594167 379 4 
5.693999994411741 380 4 
5.705643035119343 381 4 
5.720016270148122 382 4 
5.726466234723687 383 4 
5.734132385804447 384 4 
5.738424988519368 385 4 
5.756010162180043 386 4 
5.766011389586015 387 4 
5.776474795544394 388 4 
5.788438791460418 389 4 
5.796025069278619 390 4 
5.801248505902081 391 4 
5.803305106282091 392 4 
5.806299198690592 393 4 
5.807826854487462 394 4 
5.869244934123652 395 4 
5.872324087641841 396 4 
5.894015535000067 397 4 
5.902841080639974 398 4 
5.92913723986808 399 4 
5.930684204466955 400 4 
5.936218457761571 401 4 
5.945601876862042 402 4 
5.94819887883769 403 4 
5.948555480458902 404 4 
5.961378032894503 405 4 
5.967756668075769 406 4 
5.993987136039807 407 4 
6.008786670504132 408 4 
6.011664246154061 409 4 
6.0170538341691575 410 4 
6.0471886946150155 411 4 
6.076804250823886 412 4 
6.083849721809583 413 4 
6.098071560047216 414 4 
6.0988273597102065 415 4 
6.105714402181111 416 4 
6.126609712808497 417 4 
6.12697001938402 418 4 
6.146247019252959 419 4 
6.159879492700442 420 4 
6.168199761395624 421 4 
6.1701910291885795 422 4 
6.180807895168868 423 4 
6.188540434497917 424 4 
6.190615465548082 425 4 
6.194168935570625 426 4 
6.212979223335757 427 4 
6.214699151899482 428 4 
6.215163888311301 429 4 
6.219421548784862 430 4 
6.227643712006142 431 4 
6.228821103156383 432 4 
6.234211557647679 433 4 
6.2810030921559905 434 4 
6.291543983268365 435 4 
6.305599382162431 436 4 
6.314875651696233 437 4 
6.317550501456728 438 4 
6.32191639229494 439 4 
6.336498215000113 440 4 
6.3386279897777715 441 4 
6.3466576139942 442 4 
6.35196258123121 443 4 
6.351996622114241 444 4 
6.356558641615328 445 4 
6.363674035321358 446 4 
6.367318188322772 447 4 
6.380155100998545 448 4 
6.380914891717202 449 4 
6.386691920310382 450 4 
6.391002343377629 451 4 
6.424362753487725 452 4 
6.441285797186764 453 4 
6.442493358044119 454 4 
6.446372408286696 455 4 
6.457794446763818 456 4 
6.46996510862757 457 4 
6.476806907512871 458 4 
6.477884340248449 459 4 
6.48800941671631 460 4 
6.488530865147093 461 4 
6.4952239668591245 462 4 
6.497082416723357 463 4 
6.504606491495762 464 4 
6.5270183862028555 465 4 
6.528920285728519 466 4 
6.530773589584116 467 4 
6.535140052774496 468 4 
6.546266807248533 469 4 
6.549215112835207 470 4 
6.555139114912363 471 4 
6.559652249331199 472 4 
6.56185828378682 473 4 
6.5876253109333565 474 4 
6.5904149583927545 475 4 
6.594788013568362 476 4 
6.604786774980909 477 4 
6.609002034926569 478 4 
6.615573479459553 479 4 
6.626151700618863 480 4 
6.6299662553727465 481 4 
6.641392315671412 482 4 
6.648556852586453 483 4 
6.650074812852539 484 4 
6.662060942961582 485 4 
6.667678356288061 486 4 
6.6746546121534545 487 4 
6.6759093141424355 488 4 
6.677175953841625 489 4 
6.700111550946639 490 4 
6.709397126221811 491 4 
6.710506669547937 492 4 
6.717157314801946 493 4 
6.72340744071177 494 4 
6.7410936502184775 495 4 
6.74518862678021 496 4 
6.752736082743369 497 4 
6.753624525785048 498 4 
6.771691018415643 499 4 
6.7922556217177545 500 4 
6.828922407365161 501 4 
6.837990537157674 502 4 
6.843552789674124 503 4 
6.8533134830375815 504 4 
6.855160769779147 505 4 
6.862356941804774 506 4 
6.912204566802934 507 4 
6.921297684302214 508 4 
6.939994098844192 509 4 
6.963560483397111 510 4 
6.968512279588512 511 4 
6.9727225831128505 512 4 
7.0163699893025795 513 4 
7.022176100955221 514 4 
7.027316568598036 515 4 
7.027597993325927 516 4 
7.045431339711671 517 4 
7.049271799674989 518 4 
7.100384282236479 519 4 
7.10182374100498 520 4 
7.14848278135574 521 4 
7.182420781263382 522 4 
7.193550566239543 523 4 
7.1957265152509695 524 4 
7.202892155707657 525 4 
7.2050943769240545 526 4 
7.209178208462067 527 4 
7.213706423979563 528 4 
7.217537986005549 529 4 
7.234323816585525 530 4 
7.2403293571093785 531 4 
7.2562878955270635 532 4 
7.256932377344438 533 4 
7.260378725240263 534 4 
7.27439747630334 535 4 
7.296519266848835 536 4 
7.307836823228177 537 4 
7.321784272070544 538 4 
7.322504957670179 539 4 
7.381384544051062 540 4 
7.381739075116095 541 4 
7.385397914474129 542 4 
7.409948146748754 543 4 
7.4122548392484875 544 4 
7.421858807393741 545 4 
7.433069915381257 546 4 
7.434213481792109 547 4 
7.434775073648433 548 4 
7.439937666522706 549 4 
7.449408725708537 550 4 
7.454358296458247 551 4 
7.476733350535511 552 4 
7.519770085653043 553 4 
7.526606109416989 554 4 
7.545599983704569 555 4 
7.5491546865086985 556 4 
7.5691321995748 557 4 
7.60453734372664 558 4 
7.606438345880369 559 4 
7.61391200633857 560 4 
7.624818960397091 561 4 
7.644640805825069 562 4 
7.65597954973366 563 4 
7.67704661432842 564 4 
7.689585849887596 565 4 
7.693464414214123 566 4 
7.709020025013572 567 4 
7.729067512309483 568 4 
7.737889959524315 569 4 
7.743373032401282 570 4 
7.749638258026013 571 4 
7.751312455205867 572 4 
7.762219374770577 573 4 
7.763786585160949 574 4 
7.77616094717782 575 4 
7.782227737503561 576 4 
7.795112263057392 577 4 
7.8154656044008 578 4 
7.834309973917072 579 4 
7.847455240629236 580 4 
7.849899290470247 581 4 
7.856233166967861 582 4 
7.856893612493934 583 4 
7.863971133896728 584 4 
7.870718975583472 585 4 
7.888897152272317 586 4 
7.890422955023208 587 4 
7.897738466685313 588 4 
7.898632781810528 589 4 
7.9224840474739695 590 4 
7.9348941463056395 591 4 
7.97373198768904 592 4 
7.978551466441051 593 4 
7.981143991742123 594 4 
8.005868011248394 595 4 
8.013289694487193 596 4 
8.017950655552612 597 4 
8.047426538516302 598 4 
8.053149436727724 599 4 
8.075215524246325 600 4 
8.094674918944847 601 4 
8.123868465317486 602 4 
8.124003766706215 603 4 
8.164541706683577 604 4 
8.210440830395273 605 4 
8.25073737387531 606 4 
8.293035969975193 607 4 
8.370849999275286 608 4 
8.383130069543956 609 4 
8.38333170285484 610 4 
8.47157054042606 611 4 
8.477712005668753 612 4 
8.57354341074293 613 4 
8.679750633227524 614 4 
8.731238170928844 615 4 
8.819680135513298 616 4 
8.884036835780627 617 4 
8.95729797062335 618 4 
9.003073279972561 619 4 
9.073406497907573 620 4 
9.516910942960388 621 4 
10.945261616936694 621 4 
