0.0 1 4 
0.1295300877974796 2 4 
0.3105349513936051 3 4 
0.3782042965988211 4 4 
0.47222150917579814 5 4 
0.4896906537006293 6 4 
0.4987557834597882 7 4 
0.531112224905339 8 4 
0.5814222933161044 9 4 
0.6069317397845211 10 4 
0.6382671315373568 11 4 
0.6398211356718745 12 4 
0.6523154722564383 13 4 
0.6557640045716588 14 4 
0.8961658323843443 15 4 
1.0084094456358537 16 4 
1.0739973012379591 17 4 
1.1199331475798822 18 4 
1.144341899533578 19 4 
1.1972161437185982 20 4 
1.2574366870413565 21 4 
1.2693560154212555 22 4 
1.3016891304287197 23 4 
1.3155787900000662 24 4 
1.3406879841425101 25 4 
1.344916295167195 26 4 
1.3557628042074086 27 4 
1.3772585553426697 28 4 
1.3892522630193789 29 4 
1.4450290757284143 30 4 
1.4493078593969064 31 4 
1.5697665912436838 32 4 
1.611478706828812 33 4 
1.6444798590564251 34 4 
1.6723270720902232 35 4 
1.7032553103685153 36 4 
1.7120126585107496 37 4 
1.7593849472222178 38 4 
1.8203238439224734 39 4 
1.8516017610496778 40 4 
1.8696913645817812 41 4 
1.873485107898149 42 4 
1.89407494197517 43 4 
1.8958286056271665 44 4 
1.914493521685796 45 4 
1.9935151464292946 46 4 
2.0166606725498273 47 4 
2.03233727295866 48 4 
2.0409754203652315 49 4 
2.0446146315980185 50 4 
2.0607973723336075 51 4 
2.062919780210611 52 4 
2.0753183450239465 53 4 
2.1149108187152295 54 4 
2.1198370845258783 55 4 
2.1575253218595853 56 4 
2.1589418458542213 57 4 
2.2429943071278236 58 4 
2.2747681331362513 59 4 
2.2982102530360784 60 4 
2.315420613820373 61 4 
2.3166879529523903 62 4 
2.329289851706808 63 4 
2.371863510945805 64 4 
2.3965402712281283 65 4 
2.4176546561163046 66 4 
2.4449447098338544 67 4 
2.4479205364752623 68 4 
2.458492541198701 69 4 
2.466333673200183 70 4 
2.477322106740123 71 4 
2.4789177089925905 72 4 
2.485781622678403 73 4 
2.5238615653257592 74 4 
2.5381397972801083 75 4 
2.5406198667360798 76 4 
2.5524095303588266 77 4 
2.6298191478820536 78 4 
2.6300665893186452 79 4 
2.640465957714891 80 4 
2.6444055251453427 81 4 
2.7188730307873383 82 4 
2.79110826466423 83 4 
2.794292016576166 84 4 
2.8043397982566507 85 4 
2.8159885267449587 86 4 
2.8400066298647313 87 4 
2.8744516370592472 88 4 
2.8881380140349346 89 4 
2.8893805247081508 90 4 
2.921767644649451 91 4 
2.9291775092707315 92 4 
2.9312913993091714 93 4 
2.9597077028448355 94 4 
3.0104259135333704 95 4 
3.023075322888116 96 4 
3.043722792528272 97 4 
3.0501848179599644 98 4 
3.073268225863373 99 4 
3.073505702291904 100 4 
3.1003559018734705 101 4 
3.1121770997443634 102 4 
3.1149157443184663 103 4 
3.119556080141427 104 4 
3.1229983640643937 105 4 
3.145979225843532 106 4 
3.151519601090498 107 4 
3.152263143649246 108 4 
3.153721496035675 109 4 
3.1658448748206744 110 4 
3.1713378250039743 111 4 
3.17324998915137 112 4 
3.191238324513355 113 4 
3.1918436053929486 114 4 
3.211731803634823 115 4 
3.218829006951596 116 4 
3.2312841420337137 117 4 
3.2324718049698733 118 4 
3.2365875141479123 119 4 
3.240967934277726 120 4 
3.241900950418142 121 4 
3.2419969267408826 122 4 
3.253749938563181 123 4 
3.26100802164249 124 4 
3.263695572210754 125 4 
3.278118487735107 126 4 
3.2921042855952125 127 4 
3.3279384965376164 128 4 
3.3379853482209327 129 4 
3.3506857356170445 130 4 
3.3591733121266585 131 4 
3.404828957086485 132 4 
3.415103496462398 133 4 
3.4394369520530677 134 4 
3.45073464281138 135 4 
3.457366231244582 136 4 
3.480283331624701 137 4 
3.5193601457662247 138 4 
3.5273831815121874 139 4 
3.5386964759839765 140 4 
3.5686756326559887 141 4 
3.569417794034162 142 4 
3.5796495405371864 143 4 
3.589064793114066 144 4 
3.59131254734972 145 4 
3.6053975266381673 146 4 
3.612126365983822 147 4 
3.6273326498859326 148 4 
3.643568293827932 149 4 
3.6482745537268744 150 4 
3.664840421182196 151 4 
3.7368486406284953 152 4 
3.748370172374798 153 4 
3.75437173654277 154 4 
3.7631424065752617 155 4 
3.7704346490267002 156 4 
3.7805923898835148 157 4 
3.783021693415093 158 4 
3.786616654864123 159 4 
3.788228546008902 160 4 
3.792905843671934 161 4 
3.79872956793912 162 4 
3.8050070436717482 163 4 
3.8222262521052595 164 4 
3.82474546601397 165 4 
3.852392243286355 166 4 
3.8559463117188146 167 4 
3.8645626812847254 168 4 
3.867465981764435 169 4 
3.8808854590637174 170 4 
3.9070310328422857 171 4 
3.9335621464573602 172 4 
3.938015066385123 173 4 
3.956120899614081 174 4 
3.956383254394447 175 4 
3.958469057844851 176 4 
3.959495411758439 177 4 
3.960975826313346 178 4 
3.9719773109729686 179 4 
3.9800425488438824 180 4 
3.983228132935929 181 4 
3.985791504322159 182 4 
3.9884673646137196 183 4 
3.994848386215825 184 4 
3.995302505270956 185 4 
4.0013613788868865 186 4 
4.007425216351188 187 4 
4.00883394384112 188 4 
4.0204249992978935 189 4 
4.0246944814796155 190 4 
4.051582168272137 191 4 
4.061673215967855 192 4 
4.063627779432208 193 4 
4.070239515494446 194 4 
4.073689155455498 195 4 
4.08600953648584 196 4 
4.094217056140009 197 4 
4.112635024383848 198 4 
4.126085601560813 199 4 
4.126695681162466 200 4 
4.14442566976447 201 4 
4.147291838319669 202 4 
4.14749394741627 203 4 
4.149658161158095 204 4 
4.1506566814437305 205 4 
4.1526198109785435 206 4 
4.168952869036747 207 4 
4.169434218567592 208 4 
4.169730278960844 209 4 
4.172313790206808 210 4 
4.195074984605649 211 4 
4.233563044896468 212 4 
4.249922907016316 213 4 
4.270784558861051 214 4 
4.305264144844129 215 4 
4.31319860105632 216 4 
4.315794815195486 217 4 
4.3260937168634195 218 4 
4.351404589539919 219 4 
4.351892902874527 220 4 
4.370898640271754 221 4 
4.376923741482759 222 4 
4.3860202006017825 223 4 
4.38876130560544 224 4 
4.398910377033869 225 4 
4.415055634660501 226 4 
4.424393319965296 227 4 
4.430415816687771 228 4 
4.433050119100545 229 4 
4.436053494925918 230 4 
4.467067505928323 231 4 
4.474342840559157 232 4 
4.488899436340134 233 4 
4.493703311775034 234 4 
4.511384290782026 235 4 
4.515391107374784 236 4 
4.518262031285464 237 4 
4.55448638448232 238 4 
4.56701268456493 239 4 
4.567434929275786 240 4 
4.570561813288984 241 4 
4.597585315210315 242 4 
4.599355054639941 243 4 
4.600193483259097 243 4 
4.600643036675632 244 4 
4.629888597141139 245 4 
4.635120527042252 246 4 
4.653006795603911 247 4 
4.655037888914136 248 4 
4.656903524773388 249 4 
4.656996886934738 250 4 
4.659138964834371 251 4 
4.660765323631218 252 4 
4.6671416060064335 253 4 
4.667291878857007 254 4 
4.67243963637253 255 4 
4.681940981650735 256 4 
4.690377937225135 257 4 
4.696477803147686 258 4 
4.701578052635966 259 4 
4.705110983709626 260 4 
4.7139350358235514 261 4 
4.714303590709443 262 4 
4.71593288491231 263 4 
4.729962458313439 264 4 
4.730048375121123 265 4 
4.731682145436508 266 4 
4.73641304207931 267 4 
4.73990556495899 268 4 
4.73993667075322 269 4 
4.745152471240345 270 4 
4.754180114603316 271 4 
4.755100634750213 272 4 
4.795400211103275 273 4 
4.797286330100946 274 4 
4.804345986113312 275 4 
4.82093462112 276 4 
4.824274912568812 277 4 
4.830440185176051 278 4 
4.8361667701080115 279 4 
4.83747594149122 280 4 
4.846457484343143 281 4 
4.8534950868817255 282 4 
4.861794424448323 283 4 
4.871502788904239 284 4 
4.881928709653497 285 4 
4.891865799299612 286 4 
4.924633597242965 287 4 
4.930124759968679 288 4 
4.931518826664479 289 4 
4.943246296534001 290 4 
4.9479865760847 291 4 
4.957551262438193 292 4 
4.97064665201652 293 4 
4.977049962963619 294 4 
4.980044582053972 295 4 
4.982621810420186 296 4 
4.989138667899584 297 4 
4.993625334933948 298 4 
4.995984923929211 299 4 
4.998126719400763 300 4 
5.007805751928403 301 4 
5.01237909737355 302 4 
5.01631124483362 303 4 
5.026909285249806 304 4 
5.031033421629273 305 4 
5.036535039207188 306 4 
5.0391771723334395 307 4 
5.04328407165717 308 4 
5.050977810360546 309 4 
5.056472401379935 310 4 
5.063480527850003 311 4 
5.070707187892092 312 4 
5.079677670279767 313 4 
5.082697290558242 314 4 
5.117930999310233 315 4 
5.125690509093809 316 4 
5.1299506822937895 317 4 
5.1321864048960775 318 4 
5.1423111149230145 319 4 
5.143990434188409 320 4 
5.14872270788868 321 4 
5.150556145277004 322 4 
5.154620074143503 323 4 
5.155511539298025 324 4 
5.171791475999248 325 4 
5.178937484318645 326 4 
5.181421492194414 327 4 
5.188646125248589 328 4 
5.206787617223519 329 4 
5.207590713201562 330 4 
5.209416260439869 331 4 
5.217086291440014 332 4 
5.230030700285013 333 4 
5.233627164824199 334 4 
5.243129020745287 335 4 
5.250861052824462 336 4 
5.252560569730398 337 4 
5.259162413041305 338 4 
5.259211911443901 339 4 
5.2615422061994925 340 4 
5.278807138212287 341 4 
5.281072810733926 342 4 
5.300612557235179 343 4 
5.3053495165602245 344 4 
5.30983788037997 345 4 
5.327501639806283 346 4 
5.328545484173129 347 4 
5.331214186385593 348 4 
5.3348675200322635 349 4 
5.337579144550827 350 4 
5.359623195066449 351 4 
5.362905529887324 352 4 
5.370353708276534 353 4 
5.375667530124673 354 4 
5.386234596177826 355 4 
5.387982888644182 356 4 
5.393499502698802 357 4 
5.407280885076968 358 4 
5.417615849696969 359 4 
5.418118274100393 360 4 
5.428704629283533 361 4 
5.434946548469612 362 4 
5.441997695626293 363 4 
5.455566386440599 364 4 
5.468751771079339 365 4 
5.489620301077425 366 4 
5.4918187680512025 367 4 
5.495924180084472 368 4 
5.511832212257513 369 4 
5.527786395007836 370 4 
5.54216318551134 371 4 
5.546836110608327 372 4 
5.547983355427405 373 4 
5.550674439338768 374 4 
5.556498370201783 375 4 
5.557826140514647 376 4 
5.560754183549085 377 4 
5.586270929580007 378 4 
5.596088751795173 379 4 
5.598414137544394 380 4 
5.6039128948630985 381 4 
5.612278442198819 382 4 
5.612948400667647 383 4 
5.616130274654449 384 4 
5.625045672866963 385 4 
5.629129740747407 386 4 
5.630489081054783 387 4 
5.639605189643532 388 4 
5.6485574643347976 389 4 
5.656038795855669 390 4 
5.660152512606906 391 4 
5.683994614076244 392 4 
5.685954255114357 393 4 
5.687900598130931 394 4 
5.690469310206724 395 4 
5.709729363091065 396 4 
5.718818410577654 397 4 
5.718981993395831 398 4 
5.726256993989379 399 4 
5.7501342941419855 400 4 
5.750316763864917 401 4 
5.772231844356461 402 4 
5.791020576980941 403 4 
5.797949407967313 404 4 
5.819976336669142 405 4 
5.8352918544850745 406 4 
5.837073657713592 407 4 
5.846177327018629 408 4 
5.85027976176331 409 4 
5.853485098662312 410 4 
5.867668818962155 411 4 
5.872931415930723 412 4 
5.877243584646823 413 4 
5.880954716173693 414 4 
5.884057191300835 415 4 
5.88831526841033 416 4 
5.953085193359199 417 4 
5.966662886819227 418 4 
5.967723944356396 419 4 
5.9710432620611895 420 4 
5.972660847277585 421 4 
5.973079714840884 422 4 
5.981318460090442 423 4 
5.991621537548738 424 4 
5.998869705578147 425 4 
6.011326077701428 426 4 
6.015685099956463 427 4 
6.034595475443483 428 4 
6.037551494569309 429 4 
6.055585038006197 430 4 
6.070960481807018 431 4 
6.078796906198164 432 4 
6.078973403572921 433 4 
6.085519039288259 434 4 
6.106947232461567 435 4 
6.127376418756119 436 4 
6.127415846409525 437 4 
6.153344775804058 438 4 
6.155166546304836 439 4 
6.164157884471895 440 4 
6.165707756841709 441 4 
6.1899443968343535 442 4 
6.194937208959762 443 4 
6.197117685002342 444 4 
6.247609167532891 445 4 
6.2629115665201125 446 4 
6.2636389513467625 447 4 
6.275067179909979 448 4 
6.2755353250097565 449 4 
6.288878433833671 450 4 
6.294076676031152 451 4 
6.29529985395258 452 4 
6.298541899074402 453 4 
6.300371293515677 454 4 
6.322589193860365 455 4 
6.355006292456982 456 4 
6.365214190385958 457 4 
6.365996128546323 458 4 
6.383291437534702 459 4 
6.396400767275818 460 4 
6.399456409308043 461 4 
6.400682249862536 462 4 
6.403438156745945 463 4 
6.405759247975538 464 4 
6.412123480436315 465 4 
6.422632380123679 466 4 
6.436144371773366 467 4 
6.441955835960325 468 4 
6.459566071814201 469 4 
6.468570663504882 470 4 
6.482313043137916 471 4 
6.489624320458296 472 4 
6.490587757769507 473 4 
6.49235943543864 474 4 
6.495739913539341 475 4 
6.502072562363016 476 4 
6.503768966268559 477 4 
6.531951268329171 478 4 
6.5487302169652555 479 4 
6.558772497933165 480 4 
6.5773367984851205 481 4 
6.604940114822676 482 4 
6.60592347332001 483 4 
6.612876046803366 484 4 
6.619525264211159 485 4 
6.619963649240138 486 4 
6.633248058734335 487 4 
6.6497804491450205 488 4 
6.663537893880396 489 4 
6.669495031008722 490 4 
6.698386674428655 491 4 
6.709637580500569 492 4 
6.715215585846217 493 4 
6.7380331955945945 494 4 
6.754558060151049 495 4 
6.757321404729693 496 4 
6.75752979396971 497 4 
6.777443859244798 498 4 
6.779701313722566 499 4 
6.782042695662654 500 4 
6.786323063280392 501 4 
6.809240038696727 502 4 
6.828841420378481 503 4 
6.842210792166482 504 4 
6.844278305732686 505 4 
6.858647815159811 506 4 
6.860570588855932 507 4 
6.875875520617967 508 4 
6.878386186160027 509 4 
6.879381296170598 510 4 
6.884610680742735 511 4 
6.890638358551688 512 4 
6.900212412145925 513 4 
6.900901419208685 514 4 
6.906097140441148 515 4 
6.907202665977592 516 4 
6.918058650094419 517 4 
6.928373153739485 518 4 
6.944887705163387 519 4 
6.9537350202423305 520 4 
6.966014790402771 521 4 
6.973843147921016 522 4 
6.9963345084972905 523 4 
7.010524895506943 524 4 
7.01293298202862 525 4 
7.034028858007719 526 4 
7.046324145915778 527 4 
7.060903940649465 528 4 
7.0712420437750625 529 4 
7.096968371439804 530 4 
7.099772193016785 531 4 
7.125668520252675 532 4 
7.128377254577023 533 4 
7.148033585353184 534 4 
7.1537849792466845 535 4 
7.158635844104886 536 4 
7.166387891468 537 4 
7.1846826451676415 538 4 
7.1961098145687545 539 4 
7.199551776122857 540 4 
7.208998826039288 541 4 
7.213167601005806 542 4 
7.230687259280141 543 4 
7.2468887217377755 544 4 
7.251069659102171 545 4 
7.262871033719961 546 4 
7.307465922646747 547 4 
7.309910548894444 548 4 
7.3581866553260005 549 4 
7.360004145817119 550 4 
7.382529976427838 551 4 
7.3843468293133725 552 4 
7.42070354408641 553 4 
7.432275658004545 554 4 
7.442075638181539 555 4 
7.453442971791957 556 4 
7.4663626653530475 557 4 
7.474092377877022 558 4 
7.474544029204186 559 4 
7.488575904495146 560 4 
7.496097081636099 561 4 
7.5009780545516564 562 4 
7.53257558613175 563 4 
7.541514563215437 564 4 
7.567342724656397 565 4 
7.589837434287607 566 4 
7.596161513703573 567 4 
7.62167566450046 568 4 
7.675581699827718 569 4 
7.679045217594459 570 4 
7.69672884080182 571 4 
7.698143362052423 572 4 
7.704092089527675 573 4 
7.710161796985538 574 4 
7.7266676517713 575 4 
7.738066621169004 576 4 
7.745015044473021 577 4 
7.759526999147984 578 4 
7.762759625570384 579 4 
7.774668619251781 580 4 
7.789965830200458 581 4 
7.7903682402472105 582 4 
7.79418517975972 583 4 
7.795053485668224 584 4 
7.859167645785864 585 4 
7.872602762696243 586 4 
7.910027430812709 587 4 
8.000763261894063 588 4 
8.019077779001943 589 4 
8.050210150927144 590 4 
8.065040998709868 591 4 
8.087889438697411 592 4 
8.09276598980095 593 4 
8.096321233678337 594 4 
8.133119571861782 595 4 
8.191886811062483 596 4 
8.215621899067862 597 4 
8.226376681610478 598 4 
8.28795446735073 599 4 
8.310021045849773 600 4 
8.349157221517308 601 4 
8.36353029483028 602 4 
8.370397954965737 603 4 
8.37742309877666 604 4 
8.462699564580628 605 4 
8.512092505302315 606 4 
8.74019223069994 607 4 
8.746535026940164 608 4 
8.753294755548467 609 4 
8.819224844246405 610 4 
8.895354676314316 611 4 
8.949258988109147 612 4 
9.138735531799778 613 4 
9.145451022553555 614 4 
9.184159922510608 615 4 
9.234044893165292 616 4 
9.427681139803974 617 4 
9.618123077561338 618 4 
9.718325751653966 619 4 
9.78983866685987 620 4 
9.95915190491572 620 4 
10.352175092512125 621 4 
