0.0 5 0 0 0 0 0 90 5 50 10 10 10 10 
0.00599225977892143 5 1 0 0 0 0 90 5 49 10 10 10 10 
0.028753971340809224 5 1 0 0 1 0 90 5 49 10 10 9 10 
0.04357026739702931 5 2 0 0 1 0 90 5 48 10 10 9 10 
0.04422027688248368 5 2 0 1 1 0 90 5 48 10 9 9 10 
0.05045542368912864 5 3 0 1 1 0 90 5 47 10 9 9 10 
0.05091672864379739 5 4 0 1 1 0 90 5 46 10 9 9 10 
0.0563428398809305 5 5 0 1 1 0 90 5 45 10 9 9 10 
0.05845845570196766 5 5 0 1 1 1 90 5 45 10 9 9 9 
0.06581489364244927 5 6 0 1 1 1 90 5 44 10 9 9 9 
0.0755290351495808 5 6 0 1 1 1 90 5 44 10 9 9 9 
0.07671746632764573 5 6 0 1 2 1 90 5 44 10 9 8 9 
0.07815338154390623 5 7 0 1 2 1 90 5 43 10 9 8 9 
0.10613554561178953 5 8 0 1 2 1 90 5 42 10 9 8 9 
0.11305719766244106 5 9 0 1 2 1 90 5 41 10 9 8 9 
0.1374128533933874 5 10 0 1 2 1 90 5 40 10 9 8 9 
0.1747182396034873 5 10 1 1 2 1 90 5 40 9 9 8 9 
0.18239137789628 5 10 1 2 2 1 90 5 40 9 8 8 9 
0.1935253009933841 5 10 2 2 2 1 90 5 40 8 8 8 9 
0.2008862901083945 5 11 2 2 2 1 90 5 39 8 8 8 9 
0.2094237687412379 5 11 2 2 2 1 90 5 39 8 8 8 9 
0.2264377264537364 5 12 2 2 2 1 90 5 38 8 8 8 9 
0.22846681575923689 5 12 2 2 3 1 90 5 38 8 8 7 9 
0.2285492201736211 5 12 2 2 4 1 90 5 38 8 8 6 9 
0.24064496802843255 5 12 2 2 4 1 90 5 38 8 8 6 9 
0.258600638099413 5 13 2 2 4 1 90 5 37 8 8 6 9 
0.2650392921857494 5 14 2 2 4 1 90 5 36 8 8 6 9 
0.26982910345841665 5 14 2 3 4 1 90 5 36 8 7 6 9 
0.28009713472961034 5 14 2 3 4 1 90 5 36 8 7 6 9 
0.3008517673395762 5 14 2 3 4 2 90 5 36 8 7 6 8 
0.3110329573384812 5 14 2 3 4 2 90 5 36 8 7 6 8 
0.3114579443281261 5 14 2 3 4 3 90 5 36 8 7 6 7 
0.33054100178399526 5 15 2 3 4 3 90 5 35 8 7 6 7 
0.3305905937705534 5 15 2 3 4 3 90 5 35 8 7 6 7 
0.3359019099083817 5 15 3 3 4 3 90 5 35 7 7 6 7 
0.3359871306791793 5 15 3 3 4 3 90 5 35 7 7 6 7 
0.3362303345457409 5 16 3 3 4 3 90 5 34 7 7 6 7 
0.35167071909298453 5 17 3 3 4 3 90 5 33 7 7 6 7 
0.3518525211237015 5 17 3 3 5 3 90 5 33 7 7 5 7 
0.36035734178260453 5 17 3 4 5 3 90 5 33 7 6 5 7 
0.3614389454749137 5 17 3 4 5 3 90 5 33 7 6 5 7 
0.3743658717032443 5 18 3 4 5 3 90 5 32 7 6 5 7 
0.39263062399826637 5 18 3 4 6 3 90 5 32 7 6 4 7 
0.3959389653715593 5 18 4 4 6 3 90 5 32 6 6 4 7 
0.40065435587970677 5 18 4 4 7 3 90 5 32 6 6 3 7 
0.404412221305117 5 18 4 4 7 3 90 5 32 6 6 3 7 
0.4141505110040468 5 18 4 4 7 3 90 5 32 6 6 3 7 
0.41444330718091854 5 18 4 4 7 3 90 5 32 6 6 3 7 
0.41727143246276055 5 18 4 4 7 3 90 5 32 6 6 3 7 
0.4199435283600402 5 18 4 4 7 3 90 5 32 6 6 3 7 
0.42146945153407067 5 19 4 4 7 3 90 5 31 6 6 3 7 
0.42187856922487 5 19 4 4 7 4 90 5 31 6 6 3 6 
0.42707030194033613 5 19 4 4 7 4 90 5 31 6 6 3 6 
0.43650927613152685 5 19 4 4 7 5 90 5 31 6 6 3 5 
0.44055509787826985 5 20 4 4 7 5 90 5 30 6 6 3 5 
0.4474490834069353 5 20 4 4 7 5 90 5 30 6 6 3 5 
0.4615181833221928 5 20 4 4 7 5 90 5 30 6 6 3 5 
0.463552992986093 5 20 5 4 7 5 90 5 30 5 6 3 5 
0.4700781333708104 5 20 5 4 7 5 90 5 30 5 6 3 5 
0.4790831963703216 5 20 5 4 7 5 90 5 30 5 6 3 5 
0.5174056275810586 5 20 5 5 7 5 90 5 30 5 5 3 5 
0.528080853775439 5 20 5 5 8 5 90 5 30 5 5 2 5 
0.5312179760249489 5 20 5 5 8 5 90 5 30 5 5 2 5 
0.5593206761061302 5 21 5 5 8 5 90 5 29 5 5 2 5 
0.5721230111228793 5 21 5 5 8 5 90 5 29 5 5 2 5 
0.5992356183903051 5 21 5 5 8 5 90 5 29 5 5 2 5 
0.6022860320522241 5 21 5 5 8 6 90 5 29 5 5 2 4 
0.6086947316222523 5 21 5 5 8 6 90 5 29 5 5 2 4 
0.6276266849585682 5 21 5 5 9 6 90 5 29 5 5 1 4 
0.6433014413276882 5 21 5 5 9 6 90 5 29 5 5 1 4 
0.6527065096721539 5 21 5 5 9 6 90 5 29 5 5 1 4 
0.6532547628479843 5 21 5 5 9 6 90 5 29 5 5 1 4 
0.6585488084808158 5 21 5 5 9 6 90 5 29 5 5 1 4 
0.6751139771850913 5 21 6 5 9 6 90 5 29 4 5 1 4 
0.6865234097748572 5 22 6 5 9 6 90 5 28 4 5 1 4 
0.6913385278271448 5 22 6 5 9 6 90 5 28 4 5 1 4 
0.7021879100608194 5 22 6 6 9 6 90 5 28 4 4 1 4 
0.7088086490231037 5 22 6 6 9 6 90 5 28 4 4 1 4 
0.7333752900380512 5 22 6 6 9 6 90 5 28 4 4 1 4 
0.7491568835861097 5 23 6 6 9 6 90 5 27 4 4 1 4 
0.7778130096536411 5 24 6 6 9 6 90 5 26 4 4 1 4 
0.7824100889505918 5 25 6 6 9 6 90 5 25 4 4 1 4 
0.7968552863597023 5 25 6 6 10 6 90 5 25 4 4 0 4 
0.8080154080599997 5 26 6 6 10 6 90 5 24 4 4 0 4 
0.8108037024886524 5 26 6 6 10 6 90 5 24 4 4 0 4 
0.8458622435087737 5 26 6 6 10 6 90 5 24 4 4 0 4 
0.8517812718043628 5 26 6 6 10 6 90 5 24 4 4 0 4 
0.8639787153108432 5 26 6 6 10 6 90 5 24 4 4 0 4 
0.8776712992715504 5 26 6 6 10 6 90 5 24 4 4 0 4 
0.8828677318066777 5 26 6 6 10 6 90 5 24 4 4 0 4 
0.8885048657428833 5 26 6 6 10 6 90 5 24 4 4 0 4 
0.8945306979200728 5 26 6 6 10 6 90 5 24 4 4 0 4 
0.8962829686607082 5 26 6 6 10 6 90 5 24 4 4 0 4 
0.9017489168379953 5 26 6 6 10 6 90 5 24 4 4 0 4 
0.9076007811244836 5 26 6 6 10 6 90 5 24 4 4 0 4 
0.9241932089104258 5 26 6 6 10 6 90 5 24 4 4 0 4 
0.9652171304968892 5 26 6 6 10 6 90 5 24 4 4 0 4 
0.9882305889180651 5 26 6 7 10 6 90 5 24 4 3 0 4 
0.992297492192649 5 26 6 7 10 7 90 5 24 4 3 0 3 
1.0079957397196282 5 26 6 7 10 7 90 5 24 4 3 0 3 
1.0093242331896701 5 26 6 7 10 7 90 5 24 4 3 0 3 
1.019834250421848 5 27 6 7 10 7 90 5 23 4 3 0 3 
1.0271686724301783 5 27 6 7 10 7 90 5 23 4 3 0 3 
1.0535753783034651 5 27 6 7 10 7 90 5 23 4 3 0 3 
1.0546506183298565 5 27 6 7 10 7 90 5 23 4 3 0 3 
1.069021167863128 5 27 6 7 10 7 90 5 23 4 3 0 3 
1.0737584531600588 5 27 6 7 10 7 90 5 23 4 3 0 3 
1.076669005382438 5 27 6 7 10 7 90 5 23 4 3 0 3 
1.1098754434307339 5 27 7 7 10 7 90 5 23 3 3 0 3 
1.1186319269916598 5 27 7 7 10 7 90 5 23 3 3 0 3 
1.1204431171680393 5 27 7 7 10 7 90 5 23 3 3 0 3 
1.1257378278675485 5 27 8 7 10 7 90 5 23 2 3 0 3 
1.1258084048573982 5 27 8 7 10 7 90 5 23 2 3 0 3 
1.1332921486021112 5 28 8 7 10 7 90 5 22 2 3 0 3 
1.1357792353163259 5 28 8 7 10 7 90 5 22 2 3 0 3 
1.1451127928661684 5 28 8 7 10 7 90 5 22 2 3 0 3 
1.151796860187528 5 28 8 7 10 7 90 5 22 2 3 0 3 
1.1560129936909764 5 28 8 7 10 7 90 5 22 2 3 0 3 
1.158891733104134 5 28 8 7 10 7 90 5 22 2 3 0 3 
1.165083241640576 5 28 8 7 10 7 90 5 22 2 3 0 3 
1.1703901250398936 5 28 8 7 10 7 90 5 22 2 3 0 3 
1.1889145986607466 5 28 8 7 10 8 90 5 22 2 3 0 2 
1.1953547715260218 5 28 8 7 10 9 90 5 22 2 3 0 1 
1.2108388449150542 5 28 8 8 10 9 90 5 22 2 2 0 1 
1.223324273313186 5 29 8 8 10 9 90 5 21 2 2 0 1 
1.2404953445039275 5 29 8 8 10 9 90 5 21 2 2 0 1 
1.248929296531131 5 29 8 8 10 9 90 5 21 2 2 0 1 
1.2720742378260317 5 29 8 8 10 9 90 5 21 2 2 0 1 
1.29904766793376 5 30 8 8 10 9 90 5 20 2 2 0 1 
1.3308604735466598 5 30 8 8 10 9 90 5 20 2 2 0 1 
1.344024200350828 5 31 8 8 10 9 90 5 19 2 2 0 1 
1.3454589829117358 5 31 8 8 10 9 90 5 19 2 2 0 1 
1.347373642648419 5 31 8 8 10 9 90 5 19 2 2 0 1 
1.383105876438012 5 31 8 8 10 9 90 5 19 2 2 0 1 
1.388420758654303 5 31 8 8 10 9 90 5 19 2 2 0 1 
1.397310941581006 5 32 8 8 10 9 90 5 18 2 2 0 1 
1.4019812410886334 5 32 8 8 10 9 90 5 18 2 2 0 1 
1.4273076820114712 5 32 8 8 10 9 90 5 18 2 2 0 1 
1.432456716062961 5 32 8 8 10 9 90 5 18 2 2 0 1 
1.473745415645284 5 32 8 8 10 9 90 5 18 2 2 0 1 
1.4835468191435464 5 32 8 8 10 9 90 5 18 2 2 0 1 
1.4987851221556259 5 32 8 8 10 9 90 5 18 2 2 0 1 
1.5046432795117926 5 32 8 8 10 9 90 5 18 2 2 0 1 
1.5367476858072635 5 32 8 8 10 9 90 5 18 2 2 0 1 
1.5482395654614736 5 33 8 8 10 9 90 5 17 2 2 0 1 
1.5622380232812079 5 33 8 8 10 9 90 5 17 2 2 0 1 
1.5686168618941583 5 33 8 8 10 9 90 5 17 2 2 0 1 
1.5706992849667025 5 34 8 8 10 9 90 5 16 2 2 0 1 
1.5759877442113381 5 34 8 8 10 9 90 5 16 2 2 0 1 
1.5864352198373743 5 35 8 8 10 9 90 5 15 2 2 0 1 
1.5888844597940588 5 35 9 8 10 9 90 5 15 1 2 0 1 
1.5996256463012426 5 35 9 9 10 9 90 5 15 1 1 0 1 
1.6239340648862408 5 35 9 9 10 9 90 5 15 1 1 0 1 
1.628874311454022 5 35 9 9 10 9 90 5 15 1 1 0 1 
1.64462419390132 5 35 9 9 10 9 90 5 15 1 1 0 1 
1.6472639499081576 5 35 9 9 10 9 90 5 15 1 1 0 1 
1.6613688194380043 5 35 9 9 10 9 90 5 15 1 1 0 1 
1.6709913890162889 5 35 9 9 10 9 90 5 15 1 1 0 1 
1.673381162346701 5 35 9 9 10 9 90 5 15 1 1 0 1 
1.6956440930992829 5 35 9 9 10 9 90 5 15 1 1 0 1 
1.6996400543752983 5 35 9 9 10 9 90 5 15 1 1 0 1 
1.7136549294360073 5 35 9 10 10 9 90 5 15 1 0 0 1 
1.7212766381989966 5 35 9 10 10 9 90 5 15 1 0 0 1 
1.7258962942519953 5 35 9 10 10 9 90 5 15 1 0 0 1 
1.7338694050443921 5 35 9 10 10 9 90 5 15 1 0 0 1 
1.735507528776518 5 35 9 10 10 9 90 5 15 1 0 0 1 
1.7423108547241903 5 35 9 10 10 9 90 5 15 1 0 0 1 
1.743413782987603 5 35 9 10 10 9 90 5 15 1 0 0 1 
1.743548650298525 5 35 9 10 10 9 90 5 15 1 0 0 1 
1.7466717849164437 5 35 9 10 10 9 90 5 15 1 0 0 1 
1.7474735867720939 5 35 9 10 10 9 90 5 15 1 0 0 1 
1.748934342902054 5 35 9 10 10 9 90 5 15 1 0 0 1 
1.7656794793938473 5 35 9 10 10 9 90 5 15 1 0 0 1 
1.7727547648009987 5 36 9 10 10 9 90 5 14 1 0 0 1 
1.786603209746648 5 36 9 10 10 9 90 5 14 1 0 0 1 
1.7941293926814619 5 36 9 10 10 9 90 5 14 1 0 0 1 
1.8302098572670602 5 36 9 10 10 9 90 5 14 1 0 0 1 
1.8442547055765937 5 36 9 10 10 9 90 5 14 1 0 0 1 
1.8462352844670986 5 36 9 10 10 9 90 5 14 1 0 0 1 
1.8465892926047536 5 36 9 10 10 9 90 5 14 1 0 0 1 
1.89064491411193 5 36 9 10 10 9 90 5 14 1 0 0 1 
1.9009403964339169 5 36 9 10 10 9 90 5 14 1 0 0 1 
1.9033682738815279 5 36 9 10 10 9 90 5 14 1 0 0 1 
1.9091318629106966 5 36 9 10 10 9 90 5 14 1 0 0 1 
1.917221790472076 5 36 9 10 10 9 90 5 14 1 0 0 1 
1.9274365538200915 5 36 9 10 10 9 90 5 14 1 0 0 1 
1.9315014102241705 5 36 9 10 10 9 90 5 14 1 0 0 1 
1.939598460599881 5 36 9 10 10 9 90 5 14 1 0 0 1 
1.9567070496510397 5 36 9 10 10 9 90 5 14 1 0 0 1 
1.981442534318349 5 36 9 10 10 9 90 5 14 1 0 0 1 
2.001251829580289 5 36 9 10 10 9 90 5 14 1 0 0 1 
2.0446720312882913 5 36 9 10 10 9 90 5 14 1 0 0 1 
2.048056193849995 5 36 9 10 10 9 90 5 14 1 0 0 1 
2.0570060805718957 5 37 9 10 10 9 90 5 13 1 0 0 1 
2.0647902451478486 5 37 9 10 10 9 90 5 13 1 0 0 1 
2.065836059728317 5 37 9 10 10 9 90 5 13 1 0 0 1 
2.0814484546839327 5 37 9 10 10 9 90 5 13 1 0 0 1 
2.0869899395927214 5 37 9 10 10 9 90 5 13 1 0 0 1 
2.0894587176788755 5 38 9 10 10 9 90 5 12 1 0 0 1 
2.098318275488021 5 38 9 10 10 9 90 5 12 1 0 0 1 
2.105317960305307 5 38 9 10 10 9 90 5 12 1 0 0 1 
2.1138826120760443 5 39 9 10 10 9 90 5 11 1 0 0 1 
2.120065509039148 5 39 9 10 10 9 90 5 11 1 0 0 1 
2.1437804807072807 5 39 9 10 10 9 90 5 11 1 0 0 1 
2.150949487328403 5 39 9 10 10 9 90 5 11 1 0 0 1 
2.1613094584356416 5 39 9 10 10 9 90 5 11 1 0 0 1 
2.180313475468557 5 40 9 10 10 9 90 5 10 1 0 0 1 
2.183656679752109 5 40 9 10 10 9 90 5 10 1 0 0 1 
2.198904254051007 5 40 9 10 10 9 90 5 10 1 0 0 1 
2.1996360317991552 5 40 9 10 10 10 90 5 10 1 0 0 0 
2.211743473865552 5 40 9 10 10 10 90 5 10 1 0 0 0 
2.214460757237792 5 40 9 10 10 10 90 5 10 1 0 0 0 
2.225236792675912 5 40 9 10 10 10 90 5 10 1 0 0 0 
2.2262555364398313 5 40 9 10 10 10 90 5 10 1 0 0 0 
2.229371980340849 5 41 9 10 10 10 90 5 9 1 0 0 0 
2.2359774087312347 5 41 9 10 10 10 90 5 9 1 0 0 0 
2.2416507953305422 5 41 9 10 10 10 90 5 9 1 0 0 0 
2.2421898007313805 5 41 9 10 10 10 90 5 9 1 0 0 0 
2.2505170028280626 5 41 9 10 10 10 90 5 9 1 0 0 0 
2.2629010441480877 5 41 9 10 10 10 90 5 9 1 0 0 0 
2.2694320092334115 5 41 9 10 10 10 90 5 9 1 0 0 0 
2.27563053411161 5 41 9 10 10 10 90 5 9 1 0 0 0 
2.2824867008238603 5 41 9 10 10 10 90 5 9 1 0 0 0 
2.2859021810515365 5 41 9 10 10 10 90 5 9 1 0 0 0 
2.3166276707087334 5 42 9 10 10 10 90 5 8 1 0 0 0 
2.333930249238802 5 42 9 10 10 10 90 5 8 1 0 0 0 
2.3623599288136767 5 42 9 10 10 10 90 5 8 1 0 0 0 
2.3639479712479043 5 42 9 10 10 10 90 5 8 1 0 0 0 
2.3665506229718667 5 42 9 10 10 10 90 5 8 1 0 0 0 
2.367820026366211 5 42 9 10 10 10 90 5 8 1 0 0 0 
2.368903594796155 5 42 9 10 10 10 90 5 8 1 0 0 0 
2.3693677483061055 5 42 9 10 10 10 90 5 8 1 0 0 0 
2.373088848206662 5 42 9 10 10 10 90 5 8 1 0 0 0 
2.3826839048857695 5 43 9 10 10 10 90 5 7 1 0 0 0 
2.399078468598483 5 43 9 10 10 10 90 5 7 1 0 0 0 
2.4038875456688777 5 43 9 10 10 10 90 5 7 1 0 0 0 
2.4044307958506677 5 43 9 10 10 10 90 5 7 1 0 0 0 
2.4188056606677595 5 43 9 10 10 10 90 5 7 1 0 0 0 
2.4477695107993314 5 43 9 10 10 10 90 5 7 1 0 0 0 
2.4738642006069465 5 43 9 10 10 10 90 5 7 1 0 0 0 
2.476036171049611 5 43 9 10 10 10 90 5 7 1 0 0 0 
2.4819734933875317 5 43 9 10 10 10 90 5 7 1 0 0 0 
2.489608587308806 5 43 9 10 10 10 90 5 7 1 0 0 0 
2.4971159389117408 5 43 9 10 10 10 90 5 7 1 0 0 0 
2.5130443982699053 5 43 9 10 10 10 90 5 7 1 0 0 0 
2.5140817803155886 5 43 9 10 10 10 90 5 7 1 0 0 0 
2.5169692906627974 5 43 9 10 10 10 90 5 7 1 0 0 0 
2.518636452909304 5 43 9 10 10 10 90 5 7 1 0 0 0 
2.5216037910501337 5 43 9 10 10 10 90 5 7 1 0 0 0 
2.5263925389965114 5 43 9 10 10 10 90 5 7 1 0 0 0 
2.5271634524434443 5 43 9 10 10 10 90 5 7 1 0 0 0 
2.5293392934152656 5 43 9 10 10 10 90 5 7 1 0 0 0 
2.5298703000167646 5 43 9 10 10 10 90 5 7 1 0 0 0 
2.5426884282206816 5 43 9 10 10 10 90 5 7 1 0 0 0 
2.548142403862903 5 43 9 10 10 10 90 5 7 1 0 0 0 
2.5656164512428243 5 43 9 10 10 10 90 5 7 1 0 0 0 
2.5683111201966606 5 43 9 10 10 10 90 5 7 1 0 0 0 
2.604219358762974 5 43 9 10 10 10 90 5 7 1 0 0 0 
2.6053194231966503 5 43 9 10 10 10 90 5 7 1 0 0 0 
2.6139203665062993 5 43 9 10 10 10 90 5 7 1 0 0 0 
2.6258484907764172 5 43 9 10 10 10 90 5 7 1 0 0 0 
2.6260118993856087 5 44 9 10 10 10 90 5 6 1 0 0 0 
2.630835957842302 5 44 9 10 10 10 90 5 6 1 0 0 0 
2.6311396310927657 5 44 9 10 10 10 90 5 6 1 0 0 0 
2.6683287857102758 5 44 9 10 10 10 90 5 6 1 0 0 0 
2.674468132886033 5 44 9 10 10 10 90 5 6 1 0 0 0 
2.682098066915393 5 44 9 10 10 10 90 5 6 1 0 0 0 
2.6971775088763326 5 44 9 10 10 10 90 5 6 1 0 0 0 
2.697248900181069 5 44 9 10 10 10 90 5 6 1 0 0 0 
2.7013340357573092 5 44 9 10 10 10 90 5 6 1 0 0 0 
2.7067170758416683 5 44 9 10 10 10 90 5 6 1 0 0 0 
2.7208743818097276 5 44 9 10 10 10 90 5 6 1 0 0 0 
2.7294246775970477 5 44 9 10 10 10 90 5 6 1 0 0 0 
2.744163598017497 5 45 9 10 10 10 90 5 5 1 0 0 0 
2.746871975314537 5 45 9 10 10 10 90 5 5 1 0 0 0 
2.7553214627850364 5 45 9 10 10 10 90 5 5 1 0 0 0 
2.768216580738054 5 45 10 10 10 10 90 5 5 0 0 0 0 
2.769359131198893 5 45 10 10 10 10 90 5 5 0 0 0 0 
2.780085773984275 5 45 10 10 10 10 90 5 5 0 0 0 0 
2.7985339260622526 5 45 10 10 10 10 90 5 5 0 0 0 0 
2.798581099003089 5 45 10 10 10 10 90 5 5 0 0 0 0 
2.8068428146308473 5 45 10 10 10 10 90 5 5 0 0 0 0 
2.814445097614453 5 45 10 10 10 10 90 5 5 0 0 0 0 
2.817758505636906 5 45 10 10 10 10 90 5 5 0 0 0 0 
2.824264776692768 5 45 10 10 10 10 90 5 5 0 0 0 0 
2.8264166188418733 5 45 10 10 10 10 90 5 5 0 0 0 0 
2.8569992796342447 5 45 10 10 10 10 90 5 5 0 0 0 0 
2.8809071231090253 5 46 10 10 10 10 90 5 4 0 0 0 0 
2.88759263908735 5 46 10 10 10 10 90 5 4 0 0 0 0 
2.8878067576858166 5 46 10 10 10 10 90 5 4 0 0 0 0 
2.890473251288674 5 46 10 10 10 10 90 5 4 0 0 0 0 
2.9160488636411266 5 46 10 10 10 10 90 5 4 0 0 0 0 
2.9168080341574076 5 46 10 10 10 10 90 5 4 0 0 0 0 
2.922739112587387 5 46 10 10 10 10 90 5 4 0 0 0 0 
2.933895807616251 5 46 10 10 10 10 90 5 4 0 0 0 0 
2.9419932128279256 5 46 10 10 10 10 90 5 4 0 0 0 0 
2.9537754828438 5 46 10 10 10 10 90 5 4 0 0 0 0 
2.9640700843905363 5 46 10 10 10 10 90 5 4 0 0 0 0 
2.9808739655333283 5 46 10 10 10 10 90 5 4 0 0 0 0 
2.990918664070372 5 47 10 10 10 10 90 5 3 0 0 0 0 
3.0051417794883295 5 47 10 10 10 10 90 5 3 0 0 0 0 
3.039495307454221 5 47 10 10 10 10 90 5 3 0 0 0 0 
3.045469434801267 5 47 10 10 10 10 90 5 3 0 0 0 0 
3.067165041039542 5 47 10 10 10 10 90 5 3 0 0 0 0 
3.096816085901148 5 47 10 10 10 10 90 5 3 0 0 0 0 
3.1049348682496705 5 47 10 10 10 10 90 5 3 0 0 0 0 
3.1059528829770313 5 47 10 10 10 10 90 5 3 0 0 0 0 
3.1078013506175366 5 47 10 10 10 10 90 5 3 0 0 0 0 
3.110546467104268 5 47 10 10 10 10 90 5 3 0 0 0 0 
3.114212467508694 5 47 10 10 10 10 90 5 3 0 0 0 0 
3.116529999054425 5 47 10 10 10 10 90 5 3 0 0 0 0 
3.1504299981455923 5 47 10 10 10 10 90 5 3 0 0 0 0 
3.163691446473893 5 48 10 10 10 10 90 5 2 0 0 0 0 
3.1657178142975595 5 48 10 10 10 10 90 5 2 0 0 0 0 
3.1660045977034215 5 48 10 10 10 10 90 5 2 0 0 0 0 
3.166847352581831 5 48 10 10 10 10 90 5 2 0 0 0 0 
3.180363887009341 5 48 10 10 10 10 90 5 2 0 0 0 0 
3.1919893567504114 5 48 10 10 10 10 90 5 2 0 0 0 0 
3.1939254978855125 5 48 10 10 10 10 90 5 2 0 0 0 0 
3.198279563679183 5 48 10 10 10 10 90 5 2 0 0 0 0 
3.2005593666235166 5 48 10 10 10 10 90 5 2 0 0 0 0 
3.209504823407495 5 48 10 10 10 10 90 5 2 0 0 0 0 
3.210036669691675 5 48 10 10 10 10 90 5 2 0 0 0 0 
3.218969249261306 5 48 10 10 10 10 90 5 2 0 0 0 0 
3.2228373701616544 5 48 10 10 10 10 90 5 2 0 0 0 0 
3.2284041063891467 5 48 10 10 10 10 90 5 2 0 0 0 0 
3.244068961095158 5 48 10 10 10 10 90 5 2 0 0 0 0 
3.2479189205470242 5 48 10 10 10 10 90 5 2 0 0 0 0 
3.2697690864105105 5 48 10 10 10 10 90 5 2 0 0 0 0 
3.274311234782582 5 48 10 10 10 10 90 5 2 0 0 0 0 
3.2782478799752717 5 48 10 10 10 10 90 5 2 0 0 0 0 
3.339614515633255 5 48 10 10 10 10 90 5 2 0 0 0 0 
3.3413290825096387 5 48 10 10 10 10 90 5 2 0 0 0 0 
3.3518420839693523 5 48 10 10 10 10 90 5 2 0 0 0 0 
3.3720072962651297 5 48 10 10 10 10 90 5 2 0 0 0 0 
3.3807235889009846 5 48 10 10 10 10 90 5 2 0 0 0 0 
3.380820261711009 5 48 10 10 10 10 90 5 2 0 0 0 0 
3.3808564981753264 5 48 10 10 10 10 90 5 2 0 0 0 0 
3.3992027821337185 5 48 10 10 10 10 90 5 2 0 0 0 0 
3.407312231405566 5 48 10 10 10 10 90 5 2 0 0 0 0 
3.413725933708473 5 48 10 10 10 10 90 5 2 0 0 0 0 
3.427258624407314 5 48 10 10 10 10 90 5 2 0 0 0 0 
3.4418188750199237 5 48 10 10 10 10 90 5 2 0 0 0 0 
3.4482651732246725 5 48 10 10 10 10 90 5 2 0 0 0 0 
3.4485146702848 5 48 10 10 10 10 90 5 2 0 0 0 0 
3.4609104220391385 5 48 10 10 10 10 90 5 2 0 0 0 0 
3.463827191846748 5 48 10 10 10 10 90 5 2 0 0 0 0 
3.4953991620704015 5 48 10 10 10 10 90 5 2 0 0 0 0 
3.515441833218899 5 48 10 10 10 10 90 5 2 0 0 0 0 
3.51942409411406 5 48 10 10 10 10 90 5 2 0 0 0 0 
3.5286611326147956 5 48 10 10 10 10 90 5 2 0 0 0 0 
3.5384180860243006 5 48 10 10 10 10 90 5 2 0 0 0 0 
3.559946277280181 5 48 10 10 10 10 90 5 2 0 0 0 0 
3.5599962685822293 5 48 10 10 10 10 90 5 2 0 0 0 0 
3.571731263286834 5 48 10 10 10 10 90 5 2 0 0 0 0 
3.5893058115801098 5 48 10 10 10 10 90 5 2 0 0 0 0 
3.608409569282067 5 48 10 10 10 10 90 5 2 0 0 0 0 
3.6090002469977196 5 48 10 10 10 10 90 5 2 0 0 0 0 
3.6150177318937047 5 48 10 10 10 10 90 5 2 0 0 0 0 
3.6164697464327893 5 48 10 10 10 10 90 5 2 0 0 0 0 
3.6186037714633312 5 48 10 10 10 10 90 5 2 0 0 0 0 
3.633857814245824 5 48 10 10 10 10 90 5 2 0 0 0 0 
3.667607162459404 5 48 10 10 10 10 90 5 2 0 0 0 0 
3.6854507085075108 5 48 10 10 10 10 90 5 2 0 0 0 0 
3.6934858291493646 5 48 10 10 10 10 90 5 2 0 0 0 0 
3.7106124517785544 5 48 10 10 10 10 90 5 2 0 0 0 0 
3.727106595183126 5 48 10 10 10 10 90 5 2 0 0 0 0 
3.7310173875928014 5 48 10 10 10 10 90 5 2 0 0 0 0 
3.7437446244483406 5 48 10 10 10 10 90 5 2 0 0 0 0 
3.7492498926230953 5 48 10 10 10 10 90 5 2 0 0 0 0 
3.752096520390475 5 48 10 10 10 10 90 5 2 0 0 0 0 
3.757103006989868 5 48 10 10 10 10 90 5 2 0 0 0 0 
3.762824865650511 5 48 10 10 10 10 90 5 2 0 0 0 0 
3.7716561668383997 5 48 10 10 10 10 90 5 2 0 0 0 0 
3.7884594621417875 5 48 10 10 10 10 90 5 2 0 0 0 0 
3.8035813867797117 5 48 10 10 10 10 90 5 2 0 0 0 0 
3.805149595935048 5 49 10 10 10 10 90 5 1 0 0 0 0 
3.81190528085846 5 49 10 10 10 10 90 5 1 0 0 0 0 
3.8280275450338315 5 49 10 10 10 10 90 5 1 0 0 0 0 
3.837095760270977 5 49 10 10 10 10 90 5 1 0 0 0 0 
3.8448265004964997 5 49 10 10 10 10 90 5 1 0 0 0 0 
3.8448582684851695 5 49 10 10 10 10 90 5 1 0 0 0 0 
3.864256901463473 5 49 10 10 10 10 90 5 1 0 0 0 0 
3.8646888871349363 5 49 10 10 10 10 90 5 1 0 0 0 0 
3.8729584593505084 5 49 10 10 10 10 90 5 1 0 0 0 0 
3.897408658445454 5 49 10 10 10 10 90 5 1 0 0 0 0 
3.898545801823626 5 49 10 10 10 10 90 5 1 0 0 0 0 
3.899769895387179 5 49 10 10 10 10 90 5 1 0 0 0 0 
3.9066400885144654 5 49 10 10 10 10 90 5 1 0 0 0 0 
3.920319527291946 5 49 10 10 10 10 90 5 1 0 0 0 0 
3.9483320802154074 5 49 10 10 10 10 90 5 1 0 0 0 0 
3.994243658876333 5 49 10 10 10 10 90 5 1 0 0 0 0 
4.044646446071604 5 49 10 10 10 10 90 5 1 0 0 0 0 
4.045728783440128 5 49 10 10 10 10 90 5 1 0 0 0 0 
4.055347264485009 5 49 10 10 10 10 90 5 1 0 0 0 0 
4.075996121447279 5 49 10 10 10 10 90 5 1 0 0 0 0 
4.0771454274960846 5 49 10 10 10 10 90 5 1 0 0 0 0 
4.093184699601666 5 49 10 10 10 10 90 5 1 0 0 0 0 
4.098487223020508 5 49 10 10 10 10 90 5 1 0 0 0 0 
4.100288581860025 5 49 10 10 10 10 90 5 1 0 0 0 0 
4.120786370694358 5 49 10 10 10 10 90 5 1 0 0 0 0 
4.121533024640423 5 49 10 10 10 10 90 5 1 0 0 0 0 
4.122196385816151 5 49 10 10 10 10 90 5 1 0 0 0 0 
4.1248625466943265 5 49 10 10 10 10 90 5 1 0 0 0 0 
4.146933155504856 5 49 10 10 10 10 90 5 1 0 0 0 0 
4.151377732379986 5 49 10 10 10 10 90 5 1 0 0 0 0 
4.155817987410927 5 49 10 10 10 10 90 5 1 0 0 0 0 
4.157641235243425 5 49 10 10 10 10 90 5 1 0 0 0 0 
4.162200310858766 5 49 10 10 10 10 90 5 1 0 0 0 0 
4.164244574382458 5 49 10 10 10 10 90 5 1 0 0 0 0 
4.165201931375972 5 49 10 10 10 10 90 5 1 0 0 0 0 
4.167827823373765 5 49 10 10 10 10 90 5 1 0 0 0 0 
4.182790137870965 5 49 10 10 10 10 90 5 1 0 0 0 0 
4.190778476165017 5 49 10 10 10 10 90 5 1 0 0 0 0 
4.198634204497702 5 49 10 10 10 10 90 5 1 0 0 0 0 
4.200852946279506 5 49 10 10 10 10 90 5 1 0 0 0 0 
4.2108597256259035 5 49 10 10 10 10 90 5 1 0 0 0 0 
4.211024703507966 5 49 10 10 10 10 90 5 1 0 0 0 0 
4.2132016190850266 5 49 10 10 10 10 90 5 1 0 0 0 0 
4.218163413133538 5 49 10 10 10 10 90 5 1 0 0 0 0 
4.219141490962915 5 49 10 10 10 10 90 5 1 0 0 0 0 
4.220669751535353 5 49 10 10 10 10 90 5 1 0 0 0 0 
4.243995122828281 5 49 10 10 10 10 90 5 1 0 0 0 0 
4.247665851459392 5 49 10 10 10 10 90 5 1 0 0 0 0 
4.250351148507052 5 49 10 10 10 10 90 5 1 0 0 0 0 
4.291927840693644 5 49 10 10 10 10 90 5 1 0 0 0 0 
4.304468236018154 5 49 10 10 10 10 90 5 1 0 0 0 0 
4.306586095555411 5 49 10 10 10 10 90 5 1 0 0 0 0 
4.330978293069434 5 49 10 10 10 10 90 5 1 0 0 0 0 
4.35077220010219 5 49 10 10 10 10 90 5 1 0 0 0 0 
4.359853370946408 5 49 10 10 10 10 90 5 1 0 0 0 0 
4.382209704320838 5 49 10 10 10 10 90 5 1 0 0 0 0 
4.383129085016275 5 49 10 10 10 10 90 5 1 0 0 0 0 
4.401673325433501 5 49 10 10 10 10 90 5 1 0 0 0 0 
4.41209967961171 5 49 10 10 10 10 90 5 1 0 0 0 0 
4.4224042808239545 5 49 10 10 10 10 90 5 1 0 0 0 0 
4.469551204258727 5 49 10 10 10 10 90 5 1 0 0 0 0 
4.470946328099255 5 49 10 10 10 10 90 5 1 0 0 0 0 
4.479836300563836 5 49 10 10 10 10 90 5 1 0 0 0 0 
4.528956351617097 5 49 10 10 10 10 90 5 1 0 0 0 0 
4.548467410137184 5 49 10 10 10 10 90 5 1 0 0 0 0 
4.576152774477323 5 49 10 10 10 10 90 5 1 0 0 0 0 
4.577981934763008 5 49 10 10 10 10 90 5 1 0 0 0 0 
4.5780013658081335 5 49 10 10 10 10 90 5 1 0 0 0 0 
4.590765162002349 5 49 10 10 10 10 90 5 1 0 0 0 0 
4.604077162912546 5 49 10 10 10 10 90 5 1 0 0 0 0 
4.62090430494416 5 49 10 10 10 10 90 5 1 0 0 0 0 
4.641951242580125 5 49 10 10 10 10 90 5 1 0 0 0 0 
4.650153357743525 5 49 10 10 10 10 90 5 1 0 0 0 0 
4.6634980231512095 5 49 10 10 10 10 90 5 1 0 0 0 0 
4.665139157053258 5 49 10 10 10 10 90 5 1 0 0 0 0 
4.665802776912781 5 49 10 10 10 10 90 5 1 0 0 0 0 
4.670299089083829 5 49 10 10 10 10 90 5 1 0 0 0 0 
4.6853433760561245 5 49 10 10 10 10 90 5 1 0 0 0 0 
4.717761715570831 5 49 10 10 10 10 90 5 1 0 0 0 0 
4.718499869174101 5 49 10 10 10 10 90 5 1 0 0 0 0 
4.7185019023912105 5 49 10 10 10 10 90 5 1 0 0 0 0 
4.727739792556181 5 49 10 10 10 10 90 5 1 0 0 0 0 
4.7291282032966455 5 49 10 10 10 10 90 5 1 0 0 0 0 
4.732379181283225 5 49 10 10 10 10 90 5 1 0 0 0 0 
4.736900426380104 5 49 10 10 10 10 90 5 1 0 0 0 0 
4.744438518994144 5 49 10 10 10 10 90 5 1 0 0 0 0 
4.757086313245804 5 49 10 10 10 10 90 5 1 0 0 0 0 
4.759029833833931 5 49 10 10 10 10 90 5 1 0 0 0 0 
4.764759844613785 5 49 10 10 10 10 90 5 1 0 0 0 0 
4.765166903987641 5 49 10 10 10 10 90 5 1 0 0 0 0 
4.772641048520185 5 49 10 10 10 10 90 5 1 0 0 0 0 
4.776574236701631 5 49 10 10 10 10 90 5 1 0 0 0 0 
4.777378706145007 5 49 10 10 10 10 90 5 1 0 0 0 0 
4.793026784626903 5 49 10 10 10 10 90 5 1 0 0 0 0 
4.800971344913633 5 49 10 10 10 10 90 5 1 0 0 0 0 
4.820848678714277 5 49 10 10 10 10 90 5 1 0 0 0 0 
4.826370316078167 5 49 10 10 10 10 90 5 1 0 0 0 0 
4.8337508781816805 5 49 10 10 10 10 90 5 1 0 0 0 0 
4.835954134046513 5 49 10 10 10 10 90 5 1 0 0 0 0 
4.836713645968694 5 49 10 10 10 10 90 5 1 0 0 0 0 
4.840285578924733 5 49 10 10 10 10 90 5 1 0 0 0 0 
4.855858444240498 5 49 10 10 10 10 90 5 1 0 0 0 0 
4.857567516597935 5 49 10 10 10 10 90 5 1 0 0 0 0 
4.864005670237162 5 49 10 10 10 10 90 5 1 0 0 0 0 
4.872804603783211 5 49 10 10 10 10 90 5 1 0 0 0 0 
4.923951191322242 5 49 10 10 10 10 90 5 1 0 0 0 0 
4.92934491958576 5 49 10 10 10 10 90 5 1 0 0 0 0 
4.9377482209296115 5 50 10 10 10 10 90 5 0 0 0 0 0 
4.942390908828505 5 50 10 10 10 10 90 5 0 0 0 0 0 
4.964103898756253 5 50 10 10 10 10 90 5 0 0 0 0 0 
4.9726161346383755 5 50 10 10 10 10 90 5 0 0 0 0 0 
4.975761760659994 5 50 10 10 10 10 90 5 0 0 0 0 0 
4.982444134367935 5 50 10 10 10 10 90 5 0 0 0 0 0 
5.00085460315106 5 50 10 10 10 10 90 5 0 0 0 0 0 
5.023628173361277 5 50 10 10 10 10 90 5 0 0 0 0 0 
5.025996713038802 5 50 10 10 10 10 90 5 0 0 0 0 0 
5.026628121101107 5 50 10 10 10 10 90 5 0 0 0 0 0 
5.039530099514004 5 50 10 10 10 10 90 5 0 0 0 0 0 
5.043467324539529 5 50 10 10 10 10 90 5 0 0 0 0 0 
5.070857112079632 5 50 10 10 10 10 90 5 0 0 0 0 0 
5.1060018796681685 5 50 10 10 10 10 90 5 0 0 0 0 0 
5.150999503925741 5 50 10 10 10 10 90 5 0 0 0 0 0 
5.155571921755958 5 50 10 10 10 10 90 5 0 0 0 0 0 
5.163334716950493 5 50 10 10 10 10 90 5 0 0 0 0 0 
5.166767514072281 5 50 10 10 10 10 90 5 0 0 0 0 0 
5.1676381774467615 5 50 10 10 10 10 90 5 0 0 0 0 0 
5.192392882056708 5 50 10 10 10 10 90 5 0 0 0 0 0 
5.207315161734421 5 50 10 10 10 10 90 5 0 0 0 0 0 
5.208911479098912 5 50 10 10 10 10 90 5 0 0 0 0 0 
5.217737359285388 5 50 10 10 10 10 90 5 0 0 0 0 0 
5.22215937349507 5 50 10 10 10 10 90 5 0 0 0 0 0 
5.239435339904491 5 50 10 10 10 10 90 5 0 0 0 0 0 
5.292140624994429 5 50 10 10 10 10 90 5 0 0 0 0 0 
5.298187682029511 5 50 10 10 10 10 90 5 0 0 0 0 0 
5.2998217733285475 5 50 10 10 10 10 90 5 0 0 0 0 0 
5.301317215082276 5 50 10 10 10 10 90 5 0 0 0 0 0 
5.307025950090313 5 50 10 10 10 10 90 5 0 0 0 0 0 
5.330877547607403 5 50 10 10 10 10 90 5 0 0 0 0 0 
5.333546482824283 5 50 10 10 10 10 90 5 0 0 0 0 0 
5.335570322342313 5 50 10 10 10 10 90 5 0 0 0 0 0 
5.342337005017966 5 50 10 10 10 10 90 5 0 0 0 0 0 
5.366763863429298 5 50 10 10 10 10 90 5 0 0 0 0 0 
5.375148666687017 5 50 10 10 10 10 90 5 0 0 0 0 0 
5.39451139788186 5 50 10 10 10 10 90 5 0 0 0 0 0 
5.399331264991544 5 50 10 10 10 10 90 5 0 0 0 0 0 
5.411480674011446 5 50 10 10 10 10 90 5 0 0 0 0 0 
5.425678114739567 5 50 10 10 10 10 90 5 0 0 0 0 0 
5.460455930427255 5 50 10 10 10 10 90 5 0 0 0 0 0 
5.469633126370434 5 50 10 10 10 10 90 5 0 0 0 0 0 
5.46974193357642 5 50 10 10 10 10 90 5 0 0 0 0 0 
5.4927509578518965 5 50 10 10 10 10 90 5 0 0 0 0 0 
5.498431950157408 5 50 10 10 10 10 90 5 0 0 0 0 0 
5.5135899497222844 5 50 10 10 10 10 90 5 0 0 0 0 0 
5.547627659901305 5 50 10 10 10 10 90 5 0 0 0 0 0 
5.556077179436434 5 50 10 10 10 10 90 5 0 0 0 0 0 
5.55714492104503 5 50 10 10 10 10 90 5 0 0 0 0 0 
5.561014345984431 5 50 10 10 10 10 90 5 0 0 0 0 0 
5.562447223322786 5 50 10 10 10 10 90 5 0 0 0 0 0 
5.576257841118853 5 50 10 10 10 10 90 5 0 0 0 0 0 
5.582929818557869 5 50 10 10 10 10 90 5 0 0 0 0 0 
5.585315217518622 5 50 10 10 10 10 90 5 0 0 0 0 0 
5.610202709109391 5 50 10 10 10 10 90 5 0 0 0 0 0 
5.616496185488357 5 50 10 10 10 10 90 5 0 0 0 0 0 
5.616775744979558 5 50 10 10 10 10 90 5 0 0 0 0 0 
5.625836351624243 5 50 10 10 10 10 90 5 0 0 0 0 0 
5.628328168474112 5 50 10 10 10 10 90 5 0 0 0 0 0 
5.6291182414395475 5 50 10 10 10 10 90 5 0 0 0 0 0 
5.630035669787969 5 50 10 10 10 10 90 5 0 0 0 0 0 
5.630422040140352 5 50 10 10 10 10 90 5 0 0 0 0 0 
5.639080607083196 5 50 10 10 10 10 90 5 0 0 0 0 0 
5.64727021722501 5 50 10 10 10 10 90 5 0 0 0 0 0 
5.65827473434755 5 50 10 10 10 10 90 5 0 0 0 0 0 
5.691966371979364 5 50 10 10 10 10 90 5 0 0 0 0 0 
5.701192743173755 5 50 10 10 10 10 90 5 0 0 0 0 0 
5.701279717205608 5 50 10 10 10 10 90 5 0 0 0 0 0 
5.702424122991727 5 50 10 10 10 10 90 5 0 0 0 0 0 
5.725666033744744 5 50 10 10 10 10 90 5 0 0 0 0 0 
5.729751626252711 5 50 10 10 10 10 90 5 0 0 0 0 0 
5.776084015106707 5 50 10 10 10 10 90 5 0 0 0 0 0 
5.786083960057825 5 50 10 10 10 10 90 5 0 0 0 0 0 
5.827113956128854 5 50 10 10 10 10 90 5 0 0 0 0 0 
5.856722173207329 5 50 10 10 10 10 90 5 0 0 0 0 0 
5.864173250955474 5 50 10 10 10 10 90 5 0 0 0 0 0 
5.87172288617872 5 50 10 10 10 10 90 5 0 0 0 0 0 
5.8763041140449825 5 50 10 10 10 10 90 5 0 0 0 0 0 
5.884605559888122 5 50 10 10 10 10 90 5 0 0 0 0 0 
5.912500396102144 5 50 10 10 10 10 90 5 0 0 0 0 0 
5.931665031806605 5 50 10 10 10 10 90 5 0 0 0 0 0 
5.933659832216679 5 50 10 10 10 10 90 5 0 0 0 0 0 
5.938691628056362 5 50 10 10 10 10 90 5 0 0 0 0 0 
5.93911747971334 5 50 10 10 10 10 90 5 0 0 0 0 0 
5.950066756046285 5 50 10 10 10 10 90 5 0 0 0 0 0 
5.95697330440331 5 50 10 10 10 10 90 5 0 0 0 0 0 
5.968341847531829 5 50 10 10 10 10 90 5 0 0 0 0 0 
5.982487029199953 5 50 10 10 10 10 90 5 0 0 0 0 0 
5.986734414139047 5 50 10 10 10 10 90 5 0 0 0 0 0 
5.998982530804858 5 50 10 10 10 10 90 5 0 0 0 0 0 
6.008769300119913 5 50 10 10 10 10 90 5 0 0 0 0 0 
6.023175730564361 5 50 10 10 10 10 90 5 0 0 0 0 0 
6.036074260613801 5 50 10 10 10 10 90 5 0 0 0 0 0 
6.040452030910423 5 50 10 10 10 10 90 5 0 0 0 0 0 
6.048441418341652 5 50 10 10 10 10 90 5 0 0 0 0 0 
6.056781366293229 5 50 10 10 10 10 90 5 0 0 0 0 0 
6.057619985756338 5 50 10 10 10 10 90 5 0 0 0 0 0 
6.073123393608111 5 50 10 10 10 10 90 5 0 0 0 0 0 
6.0749531251388795 5 50 10 10 10 10 90 5 0 0 0 0 0 
6.110474170487285 5 50 10 10 10 10 90 5 0 0 0 0 0 
6.134431598586383 5 50 10 10 10 10 90 5 0 0 0 0 0 
6.138640477484905 5 50 10 10 10 10 90 5 0 0 0 0 0 
6.143495299238354 5 50 10 10 10 10 90 5 0 0 0 0 0 
6.146391081966168 5 50 10 10 10 10 90 5 0 0 0 0 0 
6.152994583258332 5 50 10 10 10 10 90 5 0 0 0 0 0 
6.16804943593582 5 50 10 10 10 10 90 5 0 0 0 0 0 
6.168169176295773 5 50 10 10 10 10 90 5 0 0 0 0 0 
6.17745575710985 5 50 10 10 10 10 90 5 0 0 0 0 0 
6.202544187316803 5 50 10 10 10 10 90 5 0 0 0 0 0 
6.212887629587998 5 50 10 10 10 10 90 5 0 0 0 0 0 
6.229454453582384 5 50 10 10 10 10 90 5 0 0 0 0 0 
6.237636664394994 5 50 10 10 10 10 90 5 0 0 0 0 0 
6.246577704848525 5 50 10 10 10 10 90 5 0 0 0 0 0 
6.271508284763041 5 50 10 10 10 10 90 5 0 0 0 0 0 
6.300180045645241 5 50 10 10 10 10 90 5 0 0 0 0 0 
6.3139798739011335 5 50 10 10 10 10 90 5 0 0 0 0 0 
6.314560383534208 5 50 10 10 10 10 90 5 0 0 0 0 0 
6.318662230042924 5 50 10 10 10 10 90 5 0 0 0 0 0 
6.325465221367511 5 50 10 10 10 10 90 5 0 0 0 0 0 
6.333858073785806 5 50 10 10 10 10 90 5 0 0 0 0 0 
6.335251475798366 5 50 10 10 10 10 90 5 0 0 0 0 0 
6.348775436222882 5 50 10 10 10 10 90 5 0 0 0 0 0 
6.352181216106835 5 50 10 10 10 10 90 5 0 0 0 0 0 
6.353350807693669 5 50 10 10 10 10 90 5 0 0 0 0 0 
6.369683431463041 5 50 10 10 10 10 90 5 0 0 0 0 0 
6.38812938112532 5 50 10 10 10 10 90 5 0 0 0 0 0 
6.4215314757935715 5 50 10 10 10 10 90 5 0 0 0 0 0 
6.429084574335308 5 50 10 10 10 10 90 5 0 0 0 0 0 
6.4341598926994825 5 50 10 10 10 10 90 5 0 0 0 0 0 
6.435942581828021 5 50 10 10 10 10 90 5 0 0 0 0 0 
6.448505712200434 5 50 10 10 10 10 90 5 0 0 0 0 0 
6.448556356461679 5 50 10 10 10 10 90 5 0 0 0 0 0 
6.463614784815932 5 50 10 10 10 10 90 5 0 0 0 0 0 
6.4809492029131635 5 50 10 10 10 10 90 5 0 0 0 0 0 
6.481869391270752 5 50 10 10 10 10 90 5 0 0 0 0 0 
6.54124279312879 5 50 10 10 10 10 90 5 0 0 0 0 0 
6.546578667853203 5 50 10 10 10 10 90 5 0 0 0 0 0 
6.551500422125362 5 50 10 10 10 10 90 5 0 0 0 0 0 
6.552973175600141 5 50 10 10 10 10 90 5 0 0 0 0 0 
6.562936259812826 5 50 10 10 10 10 90 5 0 0 0 0 0 
6.567775272343216 5 50 10 10 10 10 90 5 0 0 0 0 0 
6.573973722913814 5 50 10 10 10 10 90 5 0 0 0 0 0 
6.5813703591173525 5 50 10 10 10 10 90 5 0 0 0 0 0 
6.584793872516603 5 50 10 10 10 10 90 5 0 0 0 0 0 
6.591750244925604 5 50 10 10 10 10 90 5 0 0 0 0 0 
6.594607516029321 5 50 10 10 10 10 90 5 0 0 0 0 0 
6.61177069081133 5 50 10 10 10 10 90 5 0 0 0 0 0 
6.612493163936576 5 50 10 10 10 10 90 5 0 0 0 0 0 
6.634237232535171 5 50 10 10 10 10 90 5 0 0 0 0 0 
6.638005799612313 5 50 10 10 10 10 90 5 0 0 0 0 0 
6.654968575596779 5 50 10 10 10 10 90 5 0 0 0 0 0 
6.655329025255456 5 50 10 10 10 10 90 5 0 0 0 0 0 
6.655349687588978 5 50 10 10 10 10 90 5 0 0 0 0 0 
6.662062005739006 5 50 10 10 10 10 90 5 0 0 0 0 0 
6.666803691325951 5 50 10 10 10 10 90 5 0 0 0 0 0 
6.667950807697346 5 50 10 10 10 10 90 5 0 0 0 0 0 
6.686050298421304 5 50 10 10 10 10 90 5 0 0 0 0 0 
6.6915723182927165 5 50 10 10 10 10 90 5 0 0 0 0 0 
6.711292174068185 5 50 10 10 10 10 90 5 0 0 0 0 0 
6.717689117377667 5 50 10 10 10 10 90 5 0 0 0 0 0 
6.721794535212122 5 50 10 10 10 10 90 5 0 0 0 0 0 
6.729867069949259 5 50 10 10 10 10 90 5 0 0 0 0 0 
6.73155214419635 5 50 10 10 10 10 90 5 0 0 0 0 0 
6.732902593062037 5 50 10 10 10 10 90 5 0 0 0 0 0 
6.735210620016537 5 50 10 10 10 10 90 5 0 0 0 0 0 
6.7751528691896015 5 50 10 10 10 10 90 5 0 0 0 0 0 
6.786432073781366 5 50 10 10 10 10 90 5 0 0 0 0 0 
6.794370924404681 5 50 10 10 10 10 90 5 0 0 0 0 0 
6.845315839351198 5 50 10 10 10 10 90 5 0 0 0 0 0 
6.846278711133579 5 50 10 10 10 10 90 5 0 0 0 0 0 
6.8587408962263146 5 50 10 10 10 10 90 5 0 0 0 0 0 
6.878377193791409 5 50 10 10 10 10 90 5 0 0 0 0 0 
6.901433731835729 5 50 10 10 10 10 90 5 0 0 0 0 0 
6.907352064817692 5 50 10 10 10 10 90 5 0 0 0 0 0 
6.912656289526401 5 50 10 10 10 10 90 5 0 0 0 0 0 
6.925861931231653 5 50 10 10 10 10 90 5 0 0 0 0 0 
6.929514024657517 5 50 10 10 10 10 90 5 0 0 0 0 0 
6.934332922118708 5 50 10 10 10 10 90 5 0 0 0 0 0 
6.934575613969899 5 50 10 10 10 10 90 5 0 0 0 0 0 
6.9456993181834425 5 50 10 10 10 10 90 5 0 0 0 0 0 
6.961200390977568 5 50 10 10 10 10 90 5 0 0 0 0 0 
6.983611862214389 5 50 10 10 10 10 90 5 0 0 0 0 0 
6.984060414267749 5 50 10 10 10 10 90 5 0 0 0 0 0 
7.015924642393517 5 50 10 10 10 10 90 5 0 0 0 0 0 
7.040533451982551 5 50 10 10 10 10 90 5 0 0 0 0 0 
7.060167863573944 5 50 10 10 10 10 90 5 0 0 0 0 0 
7.069977965524037 5 50 10 10 10 10 90 5 0 0 0 0 0 
7.073459470954545 5 50 10 10 10 10 90 5 0 0 0 0 0 
7.075070909005765 5 50 10 10 10 10 90 5 0 0 0 0 0 
7.075822571124826 5 50 10 10 10 10 90 5 0 0 0 0 0 
7.077900977032116 5 50 10 10 10 10 90 5 0 0 0 0 0 
7.099732001722997 5 50 10 10 10 10 90 5 0 0 0 0 0 
7.120601214972176 5 50 10 10 10 10 90 5 0 0 0 0 0 
7.121032460192366 5 50 10 10 10 10 90 5 0 0 0 0 0 
7.135882310672344 5 50 10 10 10 10 90 5 0 0 0 0 0 
7.140289661479082 5 50 10 10 10 10 90 5 0 0 0 0 0 
7.167460844892756 5 50 10 10 10 10 90 5 0 0 0 0 0 
7.185626773963259 5 50 10 10 10 10 90 5 0 0 0 0 0 
7.1892549122268425 5 50 10 10 10 10 90 5 0 0 0 0 0 
7.1951593866572185 5 50 10 10 10 10 90 5 0 0 0 0 0 
7.214455353804219 5 50 10 10 10 10 90 5 0 0 0 0 0 
7.226514548425471 5 50 10 10 10 10 90 5 0 0 0 0 0 
7.245178727460097 5 50 10 10 10 10 90 5 0 0 0 0 0 
7.245627735013092 5 50 10 10 10 10 90 5 0 0 0 0 0 
7.278789587953537 5 50 10 10 10 10 90 5 0 0 0 0 0 
7.2895669379298305 5 50 10 10 10 10 90 5 0 0 0 0 0 
7.293955786122967 5 50 10 10 10 10 90 5 0 0 0 0 0 
7.3071129105691135 5 50 10 10 10 10 90 5 0 0 0 0 0 
7.314308206122305 5 50 10 10 10 10 90 5 0 0 0 0 0 
7.325132236584829 5 50 10 10 10 10 90 5 0 0 0 0 0 
7.325167784683562 5 50 10 10 10 10 90 5 0 0 0 0 0 
7.349419357664534 5 50 10 10 10 10 90 5 0 0 0 0 0 
7.3521721897308385 5 50 10 10 10 10 90 5 0 0 0 0 0 
7.353882393090449 5 50 10 10 10 10 90 5 0 0 0 0 0 
7.375633827181575 5 50 10 10 10 10 90 5 0 0 0 0 0 
7.378819896589664 5 50 10 10 10 10 90 5 0 0 0 0 0 
7.382306400731359 5 50 10 10 10 10 90 5 0 0 0 0 0 
7.392147047892311 5 50 10 10 10 10 90 5 0 0 0 0 0 
7.40205943151951 5 50 10 10 10 10 90 5 0 0 0 0 0 
7.410166560567752 5 50 10 10 10 10 90 5 0 0 0 0 0 
7.412660290204366 5 50 10 10 10 10 90 5 0 0 0 0 0 
7.423836422947071 5 50 10 10 10 10 90 5 0 0 0 0 0 
7.427025615245534 5 50 10 10 10 10 90 5 0 0 0 0 0 
7.433778215877581 5 50 10 10 10 10 90 5 0 0 0 0 0 
7.437697090499632 5 50 10 10 10 10 90 5 0 0 0 0 0 
7.443708483521552 5 50 10 10 10 10 90 5 0 0 0 0 0 
7.444569576050268 5 50 10 10 10 10 90 5 0 0 0 0 0 
7.451607293951804 5 50 10 10 10 10 90 5 0 0 0 0 0 
7.451691207512297 5 50 10 10 10 10 90 5 0 0 0 0 0 
7.454414580583312 5 50 10 10 10 10 90 5 0 0 0 0 0 
7.463734185375786 5 50 10 10 10 10 90 5 0 0 0 0 0 
7.470660450524431 5 50 10 10 10 10 90 5 0 0 0 0 0 
7.481035837560744 5 50 10 10 10 10 90 5 0 0 0 0 0 
7.4815272961565356 5 50 10 10 10 10 90 5 0 0 0 0 0 
7.49359416536909 5 50 10 10 10 10 90 5 0 0 0 0 0 
7.496098444229006 5 50 10 10 10 10 90 5 0 0 0 0 0 
7.512331437221995 5 50 10 10 10 10 90 5 0 0 0 0 0 
7.515954753676538 5 50 10 10 10 10 90 5 0 0 0 0 0 
7.525261355808115 5 50 10 10 10 10 90 5 0 0 0 0 0 
7.5277422979304625 5 50 10 10 10 10 90 5 0 0 0 0 0 
7.535711766526649 5 50 10 10 10 10 90 5 0 0 0 0 0 
7.53927602934299 5 50 10 10 10 10 90 5 0 0 0 0 0 
7.550256442951496 5 50 10 10 10 10 90 5 0 0 0 0 0 
7.581675441986904 5 50 10 10 10 10 90 5 0 0 0 0 0 
7.5972318195814434 5 50 10 10 10 10 90 5 0 0 0 0 0 
7.606313330280088 5 50 10 10 10 10 90 5 0 0 0 0 0 
7.610207526546841 5 50 10 10 10 10 90 5 0 0 0 0 0 
7.638542583151046 5 50 10 10 10 10 90 5 0 0 0 0 0 
7.64429440290214 5 50 10 10 10 10 90 5 0 0 0 0 0 
7.644834693963562 5 50 10 10 10 10 90 5 0 0 0 0 0 
7.645345169012031 5 50 10 10 10 10 90 5 0 0 0 0 0 
7.664791720789079 5 50 10 10 10 10 90 5 0 0 0 0 0 
7.68015170920179 5 50 10 10 10 10 90 5 0 0 0 0 0 
7.6863689630072844 5 50 10 10 10 10 90 5 0 0 0 0 0 
7.705751114064324 5 50 10 10 10 10 90 5 0 0 0 0 0 
7.725857166779539 5 50 10 10 10 10 90 5 0 0 0 0 0 
7.735025428353441 5 50 10 10 10 10 90 5 0 0 0 0 0 
7.745277170927541 5 50 10 10 10 10 90 5 0 0 0 0 0 
7.750812136115438 5 50 10 10 10 10 90 5 0 0 0 0 0 
7.7735887430326835 5 50 10 10 10 10 90 5 0 0 0 0 0 
7.775693766599014 5 50 10 10 10 10 90 5 0 0 0 0 0 
7.7965179939435405 5 50 10 10 10 10 90 5 0 0 0 0 0 
7.806832114116466 5 50 10 10 10 10 90 5 0 0 0 0 0 
7.810402120661993 5 50 10 10 10 10 90 5 0 0 0 0 0 
7.817121508326011 5 50 10 10 10 10 90 5 0 0 0 0 0 
7.818240492199244 5 50 10 10 10 10 90 5 0 0 0 0 0 
7.8265718408790965 5 50 10 10 10 10 90 5 0 0 0 0 0 
7.829472234383279 5 50 10 10 10 10 90 5 0 0 0 0 0 
7.835894050497896 5 50 10 10 10 10 90 5 0 0 0 0 0 
7.843563519811049 5 50 10 10 10 10 90 5 0 0 0 0 0 
7.87346375689807 5 50 10 10 10 10 90 5 0 0 0 0 0 
7.902692278072861 5 50 10 10 10 10 90 5 0 0 0 0 0 
7.903133758816586 5 50 10 10 10 10 90 5 0 0 0 0 0 
7.904875066188346 5 50 10 10 10 10 90 5 0 0 0 0 0 
7.913331933299365 5 50 10 10 10 10 90 5 0 0 0 0 0 
7.916862803535693 5 50 10 10 10 10 90 5 0 0 0 0 0 
7.917676487098468 5 50 10 10 10 10 90 5 0 0 0 0 0 
7.928548932227704 5 50 10 10 10 10 90 5 0 0 0 0 0 
7.929104470810807 5 50 10 10 10 10 90 5 0 0 0 0 0 
7.940386385799797 5 50 10 10 10 10 90 5 0 0 0 0 0 
7.949578404725012 5 50 10 10 10 10 90 5 0 0 0 0 0 
7.967969436057669 5 50 10 10 10 10 90 5 0 0 0 0 0 
7.997919946023944 5 50 10 10 10 10 90 5 0 0 0 0 0 
8.03698543865944 5 50 10 10 10 10 90 5 0 0 0 0 0 
8.037605833530181 5 50 10 10 10 10 90 5 0 0 0 0 0 
8.037882407793461 5 50 10 10 10 10 90 5 0 0 0 0 0 
8.042738451361375 5 50 10 10 10 10 90 5 0 0 0 0 0 
8.045917862868238 5 50 10 10 10 10 90 5 0 0 0 0 0 
8.05069227997914 5 50 10 10 10 10 90 5 0 0 0 0 0 
8.058389362607853 5 50 10 10 10 10 90 5 0 0 0 0 0 
8.075247796396663 5 50 10 10 10 10 90 5 0 0 0 0 0 
8.076290624994506 5 50 10 10 10 10 90 5 0 0 0 0 0 
8.108282440461693 5 50 10 10 10 10 90 5 0 0 0 0 0 
8.123916679126834 5 50 10 10 10 10 90 5 0 0 0 0 0 
8.12699613541969 5 50 10 10 10 10 90 5 0 0 0 0 0 
8.127206076778124 5 50 10 10 10 10 90 5 0 0 0 0 0 
8.128248741687802 5 50 10 10 10 10 90 5 0 0 0 0 0 
8.132698485202761 5 50 10 10 10 10 90 5 0 0 0 0 0 
8.134129625715575 5 50 10 10 10 10 90 5 0 0 0 0 0 
8.147203629602213 5 50 10 10 10 10 90 5 0 0 0 0 0 
8.149806497834248 5 50 10 10 10 10 90 5 0 0 0 0 0 
8.149813954696382 5 50 10 10 10 10 90 5 0 0 0 0 0 
8.150483606370145 5 50 10 10 10 10 90 5 0 0 0 0 0 
8.151481448334254 5 50 10 10 10 10 90 5 0 0 0 0 0 
8.152977355216372 5 50 10 10 10 10 90 5 0 0 0 0 0 
8.15850646520268 5 50 10 10 10 10 90 5 0 0 0 0 0 
8.162724642510973 5 50 10 10 10 10 90 5 0 0 0 0 0 
8.169251624664867 5 50 10 10 10 10 90 5 0 0 0 0 0 
8.173698981934036 5 50 10 10 10 10 90 5 0 0 0 0 0 
8.1848958283309 5 50 10 10 10 10 90 5 0 0 0 0 0 
8.197524752102664 5 50 10 10 10 10 90 5 0 0 0 0 0 
8.205162802348479 5 50 10 10 10 10 90 5 0 0 0 0 0 
8.208105307195183 5 50 10 10 10 10 90 5 0 0 0 0 0 
8.215201489264713 5 50 10 10 10 10 90 5 0 0 0 0 0 
8.230585656253337 5 50 10 10 10 10 90 5 0 0 0 0 0 
8.23363275698442 5 50 10 10 10 10 90 5 0 0 0 0 0 
8.235298418284593 5 50 10 10 10 10 90 5 0 0 0 0 0 
8.272100626835323 5 50 10 10 10 10 90 5 0 0 0 0 0 
8.274707063208728 5 50 10 10 10 10 90 5 0 0 0 0 0 
8.278560644117698 5 50 10 10 10 10 90 5 0 0 0 0 0 
8.284094196719355 5 50 10 10 10 10 90 5 0 0 0 0 0 
8.297357597134859 5 50 10 10 10 10 90 5 0 0 0 0 0 
8.303015179542799 5 50 10 10 10 10 90 5 0 0 0 0 0 
8.313870180258956 5 50 10 10 10 10 90 5 0 0 0 0 0 
8.340411415502253 5 50 10 10 10 10 90 5 0 0 0 0 0 
8.342222390485881 5 50 10 10 10 10 90 5 0 0 0 0 0 
8.346244682684878 5 50 10 10 10 10 90 5 0 0 0 0 0 
8.348082798391054 5 50 10 10 10 10 90 5 0 0 0 0 0 
8.348870846378954 5 50 10 10 10 10 90 5 0 0 0 0 0 
8.359486692408604 5 50 10 10 10 10 90 5 0 0 0 0 0 
8.376222914156452 5 50 10 10 10 10 90 5 0 0 0 0 0 
8.384584685704489 5 50 10 10 10 10 90 5 0 0 0 0 0 
8.397262756801311 5 50 10 10 10 10 90 5 0 0 0 0 0 
8.416801836730238 5 50 10 10 10 10 90 5 0 0 0 0 0 
8.427258762965183 5 50 10 10 10 10 90 5 0 0 0 0 0 
8.428368875232122 5 50 10 10 10 10 90 5 0 0 0 0 0 
8.435524107706827 5 50 10 10 10 10 90 5 0 0 0 0 0 
8.438170810672307 5 50 10 10 10 10 90 5 0 0 0 0 0 
8.453705886587938 5 50 10 10 10 10 90 5 0 0 0 0 0 
8.47290773108346 5 50 10 10 10 10 90 5 0 0 0 0 0 
8.477712078703192 5 50 10 10 10 10 90 5 0 0 0 0 0 
8.483199811782024 5 50 10 10 10 10 90 5 0 0 0 0 0 
8.502792974573394 5 50 10 10 10 10 90 5 0 0 0 0 0 
8.517892351198748 5 50 10 10 10 10 90 5 0 0 0 0 0 
8.522500852618467 5 50 10 10 10 10 90 5 0 0 0 0 0 
8.527378451931309 5 50 10 10 10 10 90 5 0 0 0 0 0 
8.54176528558603 5 50 10 10 10 10 90 5 0 0 0 0 0 
8.543665630154713 5 50 10 10 10 10 90 5 0 0 0 0 0 
8.597103971051306 5 50 10 10 10 10 90 5 0 0 0 0 0 
8.604161464047184 5 50 10 10 10 10 90 5 0 0 0 0 0 
8.629658625108483 5 50 10 10 10 10 90 5 0 0 0 0 0 
8.641043149264041 5 50 10 10 10 10 90 5 0 0 0 0 0 
8.653244634151475 5 50 10 10 10 10 90 5 0 0 0 0 0 
8.655443234457653 5 50 10 10 10 10 90 5 0 0 0 0 0 
8.668628196319073 5 50 10 10 10 10 90 5 0 0 0 0 0 
8.679811475627913 5 50 10 10 10 10 90 5 0 0 0 0 0 
8.708348845672187 5 50 10 10 10 10 90 5 0 0 0 0 0 
8.709552352122152 5 50 10 10 10 10 90 5 0 0 0 0 0 
8.727670508836615 5 50 10 10 10 10 90 5 0 0 0 0 0 
8.729279205168583 5 50 10 10 10 10 90 5 0 0 0 0 0 
8.783556504471946 5 50 10 10 10 10 90 5 0 0 0 0 0 
8.809076570670118 5 50 10 10 10 10 90 5 0 0 0 0 0 
8.821681546095698 5 50 10 10 10 10 90 5 0 0 0 0 0 
8.838212784502238 5 50 10 10 10 10 90 5 0 0 0 0 0 
8.838573787059591 5 50 10 10 10 10 90 5 0 0 0 0 0 
8.839327892176303 5 50 10 10 10 10 90 5 0 0 0 0 0 
8.846916159076299 5 50 10 10 10 10 90 5 0 0 0 0 0 
8.851011641155663 5 50 10 10 10 10 90 5 0 0 0 0 0 
8.86235723024696 5 50 10 10 10 10 90 5 0 0 0 0 0 
8.871459957432577 5 50 10 10 10 10 90 5 0 0 0 0 0 
8.871656254188078 5 50 10 10 10 10 90 5 0 0 0 0 0 
8.875518237612162 5 50 10 10 10 10 90 5 0 0 0 0 0 
8.895464679752159 5 50 10 10 10 10 90 5 0 0 0 0 0 
8.922227958447639 5 50 10 10 10 10 90 5 0 0 0 0 0 
8.928645829306534 5 50 10 10 10 10 90 5 0 0 0 0 0 
8.935906464820937 5 50 10 10 10 10 90 5 0 0 0 0 0 
8.942881070901713 5 50 10 10 10 10 90 5 0 0 0 0 0 
8.945570739672544 5 50 10 10 10 10 90 5 0 0 0 0 0 
8.946070118640547 5 50 10 10 10 10 90 5 0 0 0 0 0 
8.948489751576487 5 50 10 10 10 10 90 5 0 0 0 0 0 
8.965559135212443 5 50 10 10 10 10 90 5 0 0 0 0 0 
8.967647262738474 5 50 10 10 10 10 90 5 0 0 0 0 0 
8.971416501320514 5 50 10 10 10 10 90 5 0 0 0 0 0 
8.987085619795138 5 50 10 10 10 10 90 5 0 0 0 0 0 
8.99753733040471 5 50 10 10 10 10 90 5 0 0 0 0 0 
8.99811253203061 5 50 10 10 10 10 90 5 0 0 0 0 0 
9.008925911703347 5 50 10 10 10 10 90 5 0 0 0 0 0 
9.021065371509883 5 50 10 10 10 10 90 5 0 0 0 0 0 
9.025610857700514 5 50 10 10 10 10 90 5 0 0 0 0 0 
9.029020552117998 5 50 10 10 10 10 90 5 0 0 0 0 0 
9.031051348244604 5 50 10 10 10 10 90 5 0 0 0 0 0 
9.032792575623946 5 50 10 10 10 10 90 5 0 0 0 0 0 
9.04734058221951 5 50 10 10 10 10 90 5 0 0 0 0 0 
9.07635783389592 5 50 10 10 10 10 90 5 0 0 0 0 0 
9.077061322468719 5 50 10 10 10 10 90 5 0 0 0 0 0 
9.080573366441307 5 50 10 10 10 10 90 5 0 0 0 0 0 
9.083551427887096 5 50 10 10 10 10 90 5 0 0 0 0 0 
9.092725628655003 5 50 10 10 10 10 90 5 0 0 0 0 0 
9.093727179177503 5 50 10 10 10 10 90 5 0 0 0 0 0 
9.108218620560136 5 50 10 10 10 10 90 5 0 0 0 0 0 
9.11136408377607 5 50 10 10 10 10 90 5 0 0 0 0 0 
9.133592615658603 5 50 10 10 10 10 90 5 0 0 0 0 0 
9.159089439457585 5 50 10 10 10 10 90 5 0 0 0 0 0 
9.205746740829554 5 50 10 10 10 10 90 5 0 0 0 0 0 
9.215299255909049 5 50 10 10 10 10 90 5 0 0 0 0 0 
9.217219867632787 5 50 10 10 10 10 90 5 0 0 0 0 0 
9.256152287054393 5 50 10 10 10 10 90 5 0 0 0 0 0 
9.261670399402156 5 50 10 10 10 10 90 5 0 0 0 0 0 
9.262494950122061 5 50 10 10 10 10 90 5 0 0 0 0 0 
9.299241536545763 5 50 10 10 10 10 90 5 0 0 0 0 0 
9.299883150480369 5 50 10 10 10 10 90 5 0 0 0 0 0 
9.307551547989643 5 50 10 10 10 10 90 5 0 0 0 0 0 
9.308648068516288 5 50 10 10 10 10 90 5 0 0 0 0 0 
9.327401570436622 5 50 10 10 10 10 90 5 0 0 0 0 0 
9.345910584883587 5 50 10 10 10 10 90 5 0 0 0 0 0 
9.35638430121748 5 50 10 10 10 10 90 5 0 0 0 0 0 
9.360998527541257 5 50 10 10 10 10 90 5 0 0 0 0 0 
9.364170445353647 5 50 10 10 10 10 90 5 0 0 0 0 0 
9.386085229823507 5 50 10 10 10 10 90 5 0 0 0 0 0 
9.390969243167936 5 50 10 10 10 10 90 5 0 0 0 0 0 
9.393449854603968 5 50 10 10 10 10 90 5 0 0 0 0 0 
9.403309426179872 5 50 10 10 10 10 90 5 0 0 0 0 0 
9.409825423262294 5 50 10 10 10 10 90 5 0 0 0 0 0 
9.427820580470996 5 50 10 10 10 10 90 5 0 0 0 0 0 
9.439016947657208 5 50 10 10 10 10 90 5 0 0 0 0 0 
9.473918708583144 5 50 10 10 10 10 90 5 0 0 0 0 0 
9.480509182353654 5 50 10 10 10 10 90 5 0 0 0 0 0 
9.486039895625995 5 50 10 10 10 10 90 5 0 0 0 0 0 
9.489604874435646 5 50 10 10 10 10 90 5 0 0 0 0 0 
9.501114432980923 5 50 10 10 10 10 90 5 0 0 0 0 0 
9.507534307484429 5 50 10 10 10 10 90 5 0 0 0 0 0 
9.522009726348438 5 50 10 10 10 10 90 5 0 0 0 0 0 
9.524637116284637 5 50 10 10 10 10 90 5 0 0 0 0 0 
9.54024710842614 5 50 10 10 10 10 90 5 0 0 0 0 0 
9.540500788601076 5 50 10 10 10 10 90 5 0 0 0 0 0 
9.585505523226061 5 50 10 10 10 10 90 5 0 0 0 0 0 
9.59870365450996 5 50 10 10 10 10 90 5 0 0 0 0 0 
9.614501730275105 5 50 10 10 10 10 90 5 0 0 0 0 0 
9.625235534357344 5 50 10 10 10 10 90 5 0 0 0 0 0 
9.632103900799095 5 50 10 10 10 10 90 5 0 0 0 0 0 
9.645818966708672 5 50 10 10 10 10 90 5 0 0 0 0 0 
9.651269459249004 5 50 10 10 10 10 90 5 0 0 0 0 0 
9.659082034970668 5 50 10 10 10 10 90 5 0 0 0 0 0 
9.669192838581527 5 50 10 10 10 10 90 5 0 0 0 0 0 
9.670577994816156 5 50 10 10 10 10 90 5 0 0 0 0 0 
9.720873901368234 5 50 10 10 10 10 90 5 0 0 0 0 0 
9.73415705596366 5 50 10 10 10 10 90 5 0 0 0 0 0 
9.739940300248996 5 50 10 10 10 10 90 5 0 0 0 0 0 
9.763021089666177 5 50 10 10 10 10 90 5 0 0 0 0 0 
9.766464544996248 5 50 10 10 10 10 90 5 0 0 0 0 0 
9.766860196295728 5 50 10 10 10 10 90 5 0 0 0 0 0 
9.76889907200356 5 50 10 10 10 10 90 5 0 0 0 0 0 
9.776549035749136 5 50 10 10 10 10 90 5 0 0 0 0 0 
9.77708623603134 5 50 10 10 10 10 90 5 0 0 0 0 0 
9.785527689735394 5 50 10 10 10 10 90 5 0 0 0 0 0 
9.809329481984138 5 50 10 10 10 10 90 5 0 0 0 0 0 
9.825424312408293 5 50 10 10 10 10 90 5 0 0 0 0 0 
9.83278104086033 5 50 10 10 10 10 90 5 0 0 0 0 0 
9.854301540406178 5 50 10 10 10 10 90 5 0 0 0 0 0 
9.87007148595253 5 50 10 10 10 10 90 5 0 0 0 0 0 
9.875133894901142 5 50 10 10 10 10 90 5 0 0 0 0 0 
9.895626681543414 5 50 10 10 10 10 90 5 0 0 0 0 0 
9.903535917290169 5 50 10 10 10 10 90 5 0 0 0 0 0 
9.91972731079537 5 50 10 10 10 10 90 5 0 0 0 0 0 
9.954482072356742 5 50 10 10 10 10 90 5 0 0 0 0 0 
9.970762217495777 5 50 10 10 10 10 90 5 0 0 0 0 0 
9.971518247356133 5 50 10 10 10 10 90 5 0 0 0 0 0 
9.972089184718136 5 50 10 10 10 10 90 5 0 0 0 0 0 
9.992505355059135 5 50 10 10 10 10 90 5 0 0 0 0 0 
10.0063296609458 5 50 10 10 10 10 90 5 0 0 0 0 0 
