0.0 1 4 
0.20098362585413268 2 4 
0.21282148769598405 3 4 
0.40965353824160433 4 4 
0.5142068518600168 5 4 
0.5256044702284064 6 4 
0.6112468715282912 7 4 
0.7851413444840426 8 4 
0.8048592050211552 8 4 
0.8468780905181061 9 4 
0.9871837929395397 10 4 
1.1050841090544425 11 4 
1.1640727881752382 12 4 
1.1955406867356582 13 4 
1.248148789524341 14 4 
1.2940809352641984 15 4 
1.399456298353201 16 4 
1.4040483681217555 17 4 
1.420287810807225 18 4 
1.4295192633197917 19 4 
1.4307491975629636 20 4 
1.479908715063961 21 4 
1.498955801352345 22 4 
1.5052601544174729 23 4 
1.5179742806204548 24 4 
1.5308445304650762 25 4 
1.5925183430517693 26 4 
1.6350312671345517 27 4 
1.6430012515572125 28 4 
1.691934743992934 29 4 
1.8202915921199159 29 4 
1.8273346360015936 30 4 
1.841652661325816 31 4 
1.8657734761766225 31 4 
1.921665174079947 32 4 
1.9510701758104623 33 4 
2.0205990781131544 34 4 
2.0480319798596174 35 4 
2.0667218946340262 36 4 
2.138780124302802 37 4 
2.1539840374007824 38 4 
2.1796370391297937 39 4 
2.274158330649695 40 4 
2.3108099279413583 40 4 
2.321425468526883 41 4 
2.3414444577534 42 4 
2.347388399740417 43 4 
2.3517386707649512 44 4 
2.374930148142856 45 4 
2.3838499182216064 46 4 
2.4409431655290588 47 4 
2.4508106047763505 48 4 
2.460460626303974 49 4 
2.4650114943889103 50 4 
2.5095289844336848 51 4 
2.513513566737211 52 4 
2.5957063505005302 53 4 
2.6088924688804815 54 4 
2.637504744865938 55 4 
2.6842794127070158 56 4 
2.7114397261825496 57 4 
2.7276781629033744 58 4 
2.7675888255557837 59 4 
2.7806153068595023 60 4 
2.7997220995699372 61 4 
2.8139511320056285 62 4 
2.8262479568342997 63 4 
2.8626799910540504 64 4 
2.8725964992770683 65 4 
2.8764573762680774 66 4 
2.882482112504195 67 4 
2.911538380917907 68 4 
2.911793477615983 69 4 
2.9118797898555946 70 4 
2.920549099996852 71 4 
2.95897052257999 72 4 
2.9840041608865144 73 4 
2.993857027224098 74 4 
3.004943405613148 75 4 
3.012872763659517 76 4 
3.0129424055449907 77 4 
3.0520585301875203 78 4 
3.053571953256347 79 4 
3.0687164433601395 80 4 
3.097548809583954 81 4 
3.1064563093395257 82 4 
3.1139316937759687 83 4 
3.154799882768079 84 4 
3.177375412363369 85 4 
3.1834530026071812 86 4 
3.1896163602748837 87 4 
3.198170127011782 88 4 
3.2006022092983746 89 4 
3.203902500453944 90 4 
3.213113277450255 91 4 
3.2211849449391465 92 4 
3.2651287972590763 93 4 
3.2689118913096586 94 4 
3.3355671979392416 95 4 
3.446119976348817 96 4 
3.469255438021302 97 4 
3.4718159362326646 98 4 
3.482080925996314 99 4 
3.510501527139053 100 4 
3.532899499111465 101 4 
3.5357998165591233 102 4 
3.5468557547940027 103 4 
3.5759629148867504 104 4 
3.6060245745570167 105 4 
3.6097847957516858 106 4 
3.614923592346459 107 4 
3.625195290455105 108 4 
3.639474261561915 109 4 
3.654402895930048 110 4 
3.6604794771207385 111 4 
3.6654948359648825 112 4 
3.6707378529619588 113 4 
3.6742805760892066 114 4 
3.697745832387362 115 4 
3.6983109830972443 116 4 
3.7060718244057447 117 4 
3.767753912626168 118 4 
3.772716104961016 119 4 
3.8086660533394627 120 4 
3.811070023042411 121 4 
3.8144183880308264 122 4 
3.8151639511767668 123 4 
3.8272224331857294 124 4 
3.828460856527403 125 4 
3.841035286780987 126 4 
3.8568174500603325 127 4 
3.8633365966880397 128 4 
3.8693333208334906 129 4 
3.878849969208077 130 4 
3.8865034854221485 131 4 
3.8922257791022457 132 4 
3.8993575088858297 133 4 
3.937101998388094 134 4 
3.971843453668064 135 4 
3.9788385922801583 136 4 
3.984993223785716 137 4 
3.990852725620418 138 4 
4.000675003540167 139 4 
4.0243848158227244 140 4 
4.026513450477618 141 4 
4.038169300858533 142 4 
4.075205048273906 143 4 
4.0798026296555365 144 4 
4.10027995330263 145 4 
4.1087288472100845 146 4 
4.108857687655812 147 4 
4.123287849875393 148 4 
4.13061742142147 149 4 
4.1338131743308955 150 4 
4.13627939704726 151 4 
4.151698011779734 152 4 
4.154076395793304 153 4 
4.1564516585841895 154 4 
4.164786480328519 155 4 
4.225080378930855 156 4 
4.232180313132252 157 4 
4.244937900663304 158 4 
4.248414059115426 159 4 
4.272079473821071 160 4 
4.291989482850747 161 4 
4.29656239359545 162 4 
4.2996267690637096 163 4 
4.308391273835639 164 4 
4.3163500096157135 165 4 
4.338815201826257 166 4 
4.345592775210793 167 4 
4.346473021434158 168 4 
4.356969767039853 169 4 
4.3577982587067465 169 4 
4.3719581266905765 170 4 
4.374966028783163 171 4 
4.3775383775305 172 4 
4.394363134146178 173 4 
4.40326906780476 174 4 
4.411177330272005 175 4 
4.426271198975402 176 4 
4.426541635779914 177 4 
4.428944236408875 178 4 
4.435105746269565 179 4 
4.436343363054167 180 4 
4.4419951091836465 181 4 
4.454417670294955 182 4 
4.461851364783071 183 4 
4.478934013449186 184 4 
4.48948583960421 185 4 
4.49273983178253 186 4 
4.508943747834457 187 4 
4.517675419787514 188 4 
4.528351420870283 189 4 
4.540507182324915 190 4 
4.543456074410525 191 4 
4.554953815503882 192 4 
4.5744538876707415 193 4 
4.576823403206072 194 4 
4.590487482589652 195 4 
4.61587107582816 196 4 
4.61865041010157 197 4 
4.619494344259535 198 4 
4.62785360853068 199 4 
4.6358298037071535 200 4 
4.6508686564590365 201 4 
4.652952073752304 202 4 
4.658782917766206 203 4 
4.6813102824487896 204 4 
4.690700619716933 205 4 
4.704981812939069 206 4 
4.707274326981104 207 4 
4.7229475766145725 208 4 
4.74507195694677 209 4 
4.755082074060738 210 4 
4.763298057867912 211 4 
4.768842151709946 212 4 
4.781865284928792 213 4 
4.787517186922737 214 4 
4.798800882915111 215 4 
4.804163913780443 216 4 
4.808235952897936 217 4 
4.8122804354310915 218 4 
4.819671070200921 219 4 
4.831120611498049 220 4 
4.831806177778112 221 4 
4.84245392097424 222 4 
4.844095367681541 223 4 
4.86130524600546 224 4 
4.865633139718521 225 4 
4.871349053328734 226 4 
4.875774957339947 227 4 
4.880276563791788 228 4 
4.882390516050829 229 4 
4.888563656578474 230 4 
4.899944651523314 231 4 
4.901599547335845 232 4 
4.902047251531148 233 4 
4.9083074054780065 234 4 
4.909696822913271 235 4 
4.91398675576245 236 4 
4.929003963519767 237 4 
4.945474870319524 238 4 
4.948285865731853 239 4 
4.9540271856273055 240 4 
4.958615183602243 241 4 
4.9625123911993585 242 4 
4.9636648173679205 243 4 
4.97428242078241 244 4 
4.9785704422827015 245 4 
4.987291870134275 246 4 
4.9934390234129316 247 4 
5.028527857619466 248 4 
5.03298441880732 249 4 
5.048391790640584 250 4 
5.05304166526797 251 4 
5.061302661821077 252 4 
5.085318378519101 253 4 
5.089399538806295 254 4 
5.092979869952023 255 4 
5.097832302035855 256 4 
5.1075582022736405 257 4 
5.11789484592115 258 4 
5.120968528185017 259 4 
5.123850051932343 260 4 
5.141392865262486 261 4 
5.1508075920340755 262 4 
5.164404823456483 263 4 
5.1682696990824875 264 4 
5.194621548251426 265 4 
5.196082879325108 266 4 
5.197439372938475 267 4 
5.204143908413659 268 4 
5.212655951785178 269 4 
5.214332004590696 270 4 
5.265204880372902 271 4 
5.271561374782278 272 4 
5.272518491003359 273 4 
5.2780948757127994 274 4 
5.296106559161537 275 4 
5.313952936827371 276 4 
5.317901428452248 277 4 
5.321851997125252 278 4 
5.337178937230128 279 4 
5.34013138401507 280 4 
5.341731098152637 281 4 
5.345601938928919 282 4 
5.345665677982193 283 4 
5.363345455695254 284 4 
5.373072860878077 285 4 
5.387306711032952 286 4 
5.393946733225997 287 4 
5.395064247095313 288 4 
5.408909029126007 289 4 
5.415397102406617 290 4 
5.423355609938278 291 4 
5.423392101447385 292 4 
5.426715857535564 293 4 
5.430893702667316 294 4 
5.433729325669884 295 4 
5.435419054013859 296 4 
5.450287261562111 297 4 
5.475967833425776 298 4 
5.479085334344847 299 4 
5.483794835300483 300 4 
5.495549969145564 301 4 
5.516752538310155 302 4 
5.521568249199693 303 4 
5.532183077830611 304 4 
5.533408263944446 305 4 
5.533919162271302 306 4 
5.540324401134578 307 4 
5.544769456435566 308 4 
5.560266308922346 309 4 
5.565998657068111 310 4 
5.572877009880023 311 4 
5.586167331419062 312 4 
5.592345015297021 313 4 
5.610940878348878 314 4 
5.62253244540661 315 4 
5.632723287335561 316 4 
5.63650270977235 317 4 
5.644362057541755 318 4 
5.6557554202045415 319 4 
5.675721048965821 320 4 
5.679109138945863 321 4 
5.682218289751398 322 4 
5.700012548469624 323 4 
5.708672108377146 324 4 
5.722260736922939 325 4 
5.762210977119503 326 4 
5.764800344989664 327 4 
5.773702319972162 328 4 
5.781511486937468 329 4 
5.796040320160184 330 4 
5.809768952028987 331 4 
5.81039336905365 332 4 
5.819559963073706 333 4 
5.827216299724286 334 4 
5.8304516644939515 335 4 
5.834967719594743 336 4 
5.8357384191316095 337 4 
5.843173290667603 338 4 
5.861914060869098 339 4 
5.875510168321766 340 4 
5.877317777254561 341 4 
5.8791493162304125 342 4 
5.889245382536845 343 4 
5.891829136739848 344 4 
5.891949313098275 345 4 
5.894073609946338 346 4 
5.907961648890844 347 4 
5.913864858127141 348 4 
5.927496966947919 349 4 
5.936479338561235 350 4 
5.939758714410931 351 4 
5.94761785303661 352 4 
5.95240485634024 353 4 
5.959107136124981 354 4 
5.962230998802795 355 4 
5.971793287602887 356 4 
5.984719253410373 357 4 
5.9957483734716055 358 4 
5.998671455879003 359 4 
6.001391585113344 360 4 
6.01304645369769 361 4 
6.016036180139609 362 4 
6.016959718373061 363 4 
6.030395017301689 364 4 
6.035608500551136 365 4 
6.045433167461401 366 4 
6.048036835448043 367 4 
6.049201318535019 368 4 
6.050927914903699 369 4 
6.058694325381725 370 4 
6.0713185206234055 371 4 
6.072635909519278 372 4 
6.0730494352918525 373 4 
6.0774205437940845 374 4 
6.0806038210192 375 4 
6.0823417723687125 376 4 
6.089758920982034 377 4 
6.096710302209161 378 4 
6.099503090133248 379 4 
6.104218984737559 380 4 
6.111188112516645 381 4 
6.117217550802187 382 4 
6.117258217754538 383 4 
6.124239482342145 384 4 
6.124709133588265 385 4 
6.135124783853213 386 4 
6.146228594571942 387 4 
6.1518584120708395 388 4 
6.15281166409367 389 4 
6.164511178214814 390 4 
6.175075896513406 391 4 
6.1857447459645725 392 4 
6.193176681895278 393 4 
6.19550921213025 394 4 
6.196460401543303 395 4 
6.1985266677804995 396 4 
6.200953914520422 397 4 
6.204140567742008 398 4 
6.220642254246503 399 4 
6.221214362791642 400 4 
6.225664201297585 401 4 
6.228421775962246 402 4 
6.231285794624682 403 4 
6.239083224641315 404 4 
6.242053563709305 405 4 
6.249623435953068 406 4 
6.257674450767112 407 4 
6.261782894323037 408 4 
6.264299715034424 409 4 
6.266248263053225 410 4 
6.267730553191239 411 4 
6.291612518084945 412 4 
6.292916654243959 413 4 
6.29403273669048 414 4 
6.306488895938471 415 4 
6.307670401709987 416 4 
6.315116993776428 417 4 
6.321373328717622 418 4 
6.330759732041953 419 4 
6.346933687169529 420 4 
6.361171842998846 421 4 
6.363251770689453 422 4 
6.368906600811112 423 4 
6.371345036463904 424 4 
6.371864212222096 425 4 
6.373178150362581 426 4 
6.3749353322315505 427 4 
6.37784691504198 428 4 
6.392482342200275 429 4 
6.39902358281033 430 4 
6.406585951044801 431 4 
6.41720493440702 432 4 
6.424027803767725 433 4 
6.447475274188568 434 4 
6.457271161227169 435 4 
6.460383630980634 436 4 
6.464588024235313 437 4 
6.466532781643362 438 4 
6.46853603619231 439 4 
6.4810391720309966 440 4 
6.48816404280357 441 4 
6.507845567597601 442 4 
6.512907640623334 443 4 
6.515929449422228 444 4 
6.530525006892906 445 4 
6.532489432531993 446 4 
6.538867655408431 447 4 
6.540156649668484 448 4 
6.550066148417531 449 4 
6.56652275416585 450 4 
6.573394341765534 451 4 
6.58202989259288 452 4 
6.591829345159701 453 4 
6.593899554297578 454 4 
6.600422043487455 455 4 
6.604950857214157 456 4 
6.605101179416257 457 4 
6.6056125674713 458 4 
6.609838864622193 459 4 
6.614442393995202 460 4 
6.61661001059656 461 4 
6.620734733405954 462 4 
6.623385133113424 463 4 
6.633416110751927 464 4 
6.636662096931954 465 4 
6.646006395441755 466 4 
6.659060849161842 467 4 
6.667219587398661 468 4 
6.671063579711849 469 4 
6.674339765695905 470 4 
6.674789466433177 471 4 
6.688742902385082 472 4 
6.691381553968921 473 4 
6.70230952109601 474 4 
6.708129523182347 475 4 
6.71452418533233 476 4 
6.7166250429661245 477 4 
6.718990537510221 478 4 
6.728901634033977 479 4 
6.743568711552615 480 4 
6.75530295871117 481 4 
6.756336580502012 482 4 
6.76637068199719 483 4 
6.772187191851408 484 4 
6.772713729592947 485 4 
6.775434506764148 486 4 
6.785273511477739 487 4 
6.797601982404619 488 4 
6.800970939891046 489 4 
6.832195013010318 490 4 
6.838696846966707 491 4 
6.852598121074946 492 4 
6.858066786924941 493 4 
6.858934207339222 494 4 
6.870484251866293 495 4 
6.870953161771448 496 4 
6.87572872617993 497 4 
6.878340612999361 498 4 
6.891816637493341 499 4 
6.892309783631866 500 4 
6.907143870406756 501 4 
6.910811143613371 502 4 
6.917356812728676 503 4 
6.9186340387641225 504 4 
6.946482551721601 505 4 
6.955837181082996 506 4 
6.971789982088959 507 4 
6.984135209313064 508 4 
7.017357540777427 509 4 
7.030313455776018 510 4 
7.035531383265962 511 4 
7.038307657356057 512 4 
7.041294894310717 513 4 
7.061288830151856 514 4 
7.067623696573677 515 4 
7.070863892048997 516 4 
7.083533313493033 517 4 
7.115715170568207 518 4 
7.1293535829587045 519 4 
7.131102199974109 520 4 
7.131396683342622 521 4 
7.13753851918569 522 4 
7.138164042088675 523 4 
7.162605786033683 524 4 
7.180073894906657 525 4 
7.193099514864087 526 4 
7.195496075110097 527 4 
7.209340513480866 528 4 
7.2169737615527385 529 4 
7.217706140897511 530 4 
7.22202859362903 531 4 
7.226782800002214 532 4 
7.226817812426244 533 4 
7.23082275841656 534 4 
7.244246065161035 535 4 
7.244767144075264 536 4 
7.24926944723474 537 4 
7.267199098749567 538 4 
7.269226464715906 539 4 
7.2783321890019 540 4 
7.3085738865622725 541 4 
7.339076413359274 542 4 
7.353649523654245 543 4 
7.371032366049039 544 4 
7.389967740996734 545 4 
7.401756891071584 546 4 
7.4068549285107395 547 4 
7.420718210172593 548 4 
7.432409578671928 549 4 
7.439380008315871 550 4 
7.458771628134079 551 4 
7.471675416526832 552 4 
7.4740894431847655 553 4 
7.483221804406144 554 4 
7.4902590373845515 555 4 
7.497705084979969 556 4 
7.534283107053124 557 4 
7.535942590861934 558 4 
7.541635519933114 559 4 
7.563043693127981 560 4 
7.5829249236632155 561 4 
7.588909452261665 562 4 
7.589523052116664 563 4 
7.615519085731933 564 4 
7.617533820574854 565 4 
7.65181018818711 566 4 
7.658372257678555 567 4 
7.664489486406408 568 4 
7.6734515765341405 569 4 
7.684370439296403 570 4 
7.7118591809467505 571 4 
7.713626502517693 572 4 
7.722208076139858 573 4 
7.728771622535139 574 4 
7.742434094759307 575 4 
7.772502657264565 576 4 
7.777126134658398 577 4 
7.779171672377466 578 4 
7.822719513988254 579 4 
7.851887646824468 580 4 
7.854871017171145 581 4 
7.9205055790424455 582 4 
7.951230307595658 583 4 
7.972235099003552 584 4 
7.974086708639666 585 4 
7.9839958228991925 586 4 
8.034617873215039 587 4 
8.043993309487176 588 4 
8.061063259769613 589 4 
8.11485439474922 590 4 
8.118877086843353 591 4 
8.124177651658622 592 4 
8.130595697275744 593 4 
8.140094129386059 594 4 
8.22232207867507 595 4 
8.227975803509455 596 4 
8.234293627346933 597 4 
8.252470863271947 598 4 
8.294079068208314 599 4 
8.318591197046489 600 4 
8.337168048802583 601 4 
8.354937501107697 602 4 
8.37878209010126 603 4 
8.388209778484883 604 4 
8.391491758470922 605 4 
8.405548251164257 606 4 
8.407605546059168 607 4 
8.424442381416961 608 4 
8.464328460881438 609 4 
8.46959404135512 610 4 
8.479304458564933 611 4 
8.479580774760688 612 4 
8.482474731872873 613 4 
8.55883934287144 614 4 
8.59311243514954 615 4 
8.621198201570438 616 4 
8.671935108762499 617 4 
8.713271762358477 618 4 
8.737731156151428 619 4 
8.81447964150972 620 4 
9.029932163773275 621 4 
13.838547779101889 621 4 
